Version	GM v 3.0						
Kit type	Microsatellite
Chemistry Kit	AmpFLSTR_Panels_v1 Promega_Panels_v1 NextGen
Panel	Blue_v1			
D3S1358	blue	 98.00	148.00		14,15	4	0.110	none	12, 13, 14, 15, 16, 17, 18, 19,
vWA	blue	151.00	203.00		17,18	4	0.110	none	11, 12, 13, 14, 15, 16, 17, 18, 19, 20, 21,
FGA	blue	206.25	360.00		23,24	4	0.110	none	18, 19, 20, 21, 22, 23, 24, 25, 26, 26.2, 27, 28, 29, 30,
Panel	Green_I_v1								
AMEL	green	106.00	114.00		x	9	0.060	none	X, Y,
TH01	green	159.00	205.00		8,9.3	4	0.060	none	5, 6, 7, 8, 9, 9.3, 10,
TPOX	green	212.00	254.00		8	4	0.060	none	6, 7, 8, 9, 10, 11, 12, 13,
CSF1PO	green	275.00	323.00		10,12	4	0.090	none	6, 7, 8, 9, 10, 11, 12, 13, 14, 15,
Panel	Profiler_v1								
D3S1358	blue	 98.00	148.00		14,15	4	0.110	none	12, 13, 14, 15, 16, 17, 18, 19,
vWA	blue	151.00	203.00		17,18	4	0.110	none	11, 12, 13, 14, 15, 16, 17, 18, 19, 20, 21,
FGA	blue	206.25	360.00		23,24	4	0.110	none	18, 19, 20, 21, 22, 23, 24, 25, 26, 26.2, 27, 28, 29, 30,
AMEL	green	106.00	114.00		x	9	0.000	none	X, Y,
TH01	green	159.00	205.00		8,9.3	4	0.060	none	5, 6, 7, 8, 9, 9.3, 10,
TPOX	green	212.00	254.00		8	4	0.060	none	6, 7, 8, 9, 10, 11, 12, 13,
CSF1PO	green	275.00	323.00		10,12	4	0.090	none	6, 7, 8, 9, 10, 11, 12, 13, 14, 15,
D5S818	yellow	128.00	180.00		11	4	0.100	none	7, 8, 9, 10, 11, 12, 13, 14, 15, 16,
D13S317	yellow	192.00	242.00		11	4	0.100	none	8, 9, 10, 11, 12, 13, 14, 15,
D7S820	yellow	251.00	298.50		10,11	4	0.090	none	6, 7, 8, 9, 10, 11, 12, 13, 14, 15,
Panel	Profiler_Plus_v1							
D3S1358	blue	 98.00	148.00		14,15	4	0.110	none	12, 13, 14, 15, 16, 17, 18, 19,
vWA	blue	151.00	203.00		17,18	4	0.110	none	11, 12, 13, 14, 15, 16, 17, 18, 19, 20, 21,
FGA	blue	206.25	360.00		23,24	4	0.110	none	18, 19, 20, 21, 22, 23, 24, 25, 26, 26.2, 27, 28, 29, 30,
AMEL	green	106.00	114.00		x	9	0.000	none	X, Y,
D8S1179	green	118.00	183.50		13	4	0.120	none	8, 9, 10, 11, 12, 13, 14, 15, 16, 17, 18, 19,
D21S11	green	184.50	247.50		30	4	0.130	none	24.2, 25, 26, 27, 28, 28.2, 29, 29.2, 30, 30.2, 31, 31.2, 32, 32.2, 33, 33.2, 34, 34.2, 35, 35.2, 36, 38,
D18S51	green	264.49	350.00		15,19	4	0.160	none	9, 10, 10.2, 11, 12, 13, 13.2, 14, 14.2, 15, 16, 17, 18, 19, 20, 21, 22, 23, 24, 25, 26,
D5S818	yellow	128.00	180.00		11	4	0.100	none	7, 8, 9, 10, 11, 12, 13, 14, 15, 16,
D13S317	yellow	192.00	242.00		11	4	0.100	none	8, 9, 10, 11, 12, 13, 14, 15,
D7S820	yellow	251.00	298.50		10,11	4	0.090	none	6, 7, 8, 9, 10, 11, 12, 13, 14, 15,
Panel	COfiler_v1								
D3S1358	blue	 98.00	148.00		14,15	4	0.110	none	12, 13, 14, 15, 16, 17, 18, 19,
D16S539	blue	229.00	279.00		11,12	4	0.130	none	5, 8, 9, 10, 11, 12, 13, 14, 15,
AMEL	green	106.00	114.00		x	9	0.000	none	X, Y,
TH01	green	159.00	205.00		8,9.3	4	0.060	none	5, 6, 7, 8, 9, 9.3, 10,
TPOX	green	212.00	254.00		8	4	0.060	none	6, 7, 8, 9, 10, 11, 12, 13,
CSF1PO	green	275.00	323.00		10,12	4	0.090	none	6, 7, 8, 9, 10, 11, 12, 13, 14, 15,
D7S820	yellow	251.00	298.50		10,11	4	0.090	none	6, 7, 8, 9, 10, 11, 12, 13, 14, 15,
Panel	SGM_Plus_v1								
D3S1358	blue	 98.00	148.00		15,16	4	0.110	none	12, 13, 14, 15, 16, 17, 18, 19,
vWA	blue	151.00	213.50		14,16	4	0.110	none	11, 12, 13, 14, 15, 16, 17, 18, 19, 20, 21, 22, 23, 24,
D16S539	blue	229.00	279.00		9,10	4	0.130	none	5, 8, 9, 10, 11, 12, 13, 14, 15,
D2S1338	blue	284.00	354.00		20,23	4	0.150	none	15, 16, 17, 18, 19, 20, 21, 22, 23, 24, 25, 26, 27, 28,
AMEL	green	106.00	114.00		x,y	9	0.000	none	X, Y,
D8S1179	green	118.00	183.50		12,13	4	0.120	none	8, 9, 10, 11, 12, 13, 14, 15, 16, 17, 18, 19,
D21S11	green	184.50	247.50		28,31	4	0.130	none	24, 24.2, 25, 26, 27, 28, 28.2, 29, 29.2, 30, 30.2, 31, 31.2, 32, 32.2, 33, 33.2, 34, 34.2, 35, 35.2, 36, 37, 38,
D18S51	green	264.49	350.00		12,15	4	0.160	none	7, 9, 10, 10.2, 11, 12, 13, 13.2, 14, 14.2, 15, 16, 17, 18, 19, 20, 21, 22, 23, 24, 25, 26, 27,
D19S433	yellow	101.00	148.00		14,15	4	0.170	none	9, 10, 11, 12, 12.2, 13, 13.2, 14, 14.2, 15, 15.2, 16, 16.2, 17, 17.2,
TH01	yellow	159.00	205.00		7,9.3	4	0.060	none	4, 5, 6, 7, 8, 9, 9.3, 10, 11, 13.3,
FGA	yellow	206.25	360.00		24,26	4	0.110	none	17, 18, 19, 20, 21, 22, 23, 24, 25, 26, 26.2, 27, 28, 29, 30, 30.2, 31.2, 32.2, 33.2, 42.2, 43.2, 44.2, 45.2, 46.2, 47.2, 48.2, 50.2, 51.2,
Panel	Identifiler_v1								
D8S1179	blue	118.00	183.50		13	4	0.082	none	8, 9, 10, 11, 12, 13, 14, 15, 16, 17, 18, 19,
D21S11	blue	184.50	247.50		30	4	0.094	none	24, 24.2, 25, 26, 27, 28, 28.2, 29, 29.2, 30, 30.2, 31, 31.2, 32, 32.2, 33, 33.2, 34, 34.2, 35, 35.2, 36, 37, 38,
D7S820	blue	251.00	298.50		10,11	4	0.082	none	6, 7, 8, 9, 10, 11, 12, 13, 14, 15,
CSF1PO	blue	302.12	348.63		10,12	4	0.092	none	6, 7, 8, 9, 10, 11, 12, 13, 14, 15,
D3S1358	green	 98.00	148.00		14,15	4	0.107	none	12, 13, 14, 15, 16, 17, 18, 19,
TH01	green	159.00	205.00		8,9.3	4	0.051	none	4, 5, 6, 7, 8, 9, 9.3, 10, 11, 13.3,
D13S317	green	205.65	250.16		11	4	0.080	none	8, 9, 10, 11, 12, 13, 14, 15,
D16S539	green	255.30	301.81		11,12	4	0.104	none	5, 8, 9, 10, 11, 12, 13, 14, 15,
D2S1338	green	304.80	370.31		19,23	4	0.111	none	15, 16, 17, 18, 19, 20, 21, 22, 23, 24, 25, 26, 27, 28,
D19S433	yellow	101.00	148.00		14,15	4	0.133	none	9, 10, 11, 12, 12.2, 13, 13.2, 14, 14.2, 15, 15.2, 16, 16.2, 17, 17.2,
vWA	yellow	151.00	213.50		17,18	4	0.126	none	11, 12, 13, 14, 15, 16, 17, 18, 19, 20, 21, 22, 23, 24,
TPOX	yellow	216.99	260.99		8	4	0.048	none	6, 7, 8, 9, 10, 11, 12, 13,
D18S51	yellow	264.49	350.00		15,19	4	0.170	none	7, 9, 10, 10.2, 11, 12, 13, 13.2, 14, 14.2, 15, 16, 17, 18, 19, 20, 21, 22, 23, 24, 25, 26, 27,
AMEL	red	106.00	114.00		x	9	0.000	none	X, Y,
D5S818	red	128.00	180.00		11	4	0.068	none	7, 8, 9, 10, 11, 12, 13, 14, 15, 16,
FGA	red	206.25	360.00		23,24	4	0.147	none	17, 18, 19, 20, 21, 22, 23, 24, 25, 26, 26.2, 27, 28, 29, 30, 30.2, 31.2, 32.2, 33.2, 42.2, 43.2, 44.2, 45.2, 46.2, 47.2, 48.2, 50.2, 51.2,
Panel	SEfiler_v1								
D3S1358	blue	 98.00	148.00		15,16	4	0.110	none	12, 13, 14, 15, 16, 17, 18, 19,
vWA	blue	151.00	213.50		14,16	4	0.110	none	11, 12, 13, 14, 15, 16, 17, 18, 19, 20, 21, 22, 23, 24,
D16S539	blue	229.00	279.00		9,10	4	0.130	none	5, 8, 9, 10, 11, 12, 13, 14, 15,
D2S1338	blue	284.00	350.00		20,23	4	0.150	none	15, 16, 17, 18, 19, 20, 21, 22, 23, 24, 25, 26, 27, 28,
AMEL	green	106.00	114.00		x,Y	9	0.000	none	X, Y"
D8S1179	green	118.00	183.50		12,13	4	0.120	none	8, 9, 10, 11, 12, 13, 14, 15, 16, 17, 18, 19,
SE33	green	190.00	350.00		17,25.2	4	0.120	none	4.2, 6.3, 8, 9, 11, 12, 13, 14, 15, 16, 17, 18, 19, 20, 20.2, 21, 21.1, 21.2, 22.2, 23.2, 24.2, 25.2, 26.2, 27.2, 28.2, 29.2, 30.2, 31.2, 32.2, 33.2, 34.2, 35, 35.2, 36, 37,
D19S433	yellow	101.00	148.00		14,15	4	0.133	none	9, 10, 11, 12, 12.2, 13, 13.2, 14, 14.2, 15, 15.2, 16, 16.2, 17, 17.2,
TH01	yellow	159.00	205.00		7,9.3	4	0.060	none	4, 5, 6, 7, 8, 9, 9.3, 10, 11, 13.3,
FGA	yellow	206.25	360.00		24,26	4	0.110	none	17, 18, 19, 20, 21, 22, 23, 24, 25, 26, 26.2, 27, 28, 29, 30, 30.2, 31.2, 32.2, 33.2, 42.2, 43.2, 44.2, 45.2, 46.2, 47.2, 48.2, 50.2, 51.2,
D21S11	red	184.50	247.50		28,31	4	0.130	none	24, 24.2, 25, 26, 27, 28, 28.2, 29, 29.2, 30, 30.2, 31, 31.2, 32, 32.2, 33, 33.2, 34, 34.2, 35, 35.2, 36, 37, 38,
D18S51	red	264.49	350.00		12,15	4	0.170	none	7, 9, 10, 10.2, 11, 12, 13, 13.2, 14, 14.2, 15, 16, 17, 18, 19, 20, 21, 22, 23, 24, 25, 26, 27,
Panel	Profiler_Plus_CODIS_v1							
D3S1358	blue	 98.00	148.00		14,15	4	0.110	none	12, 13, 14, 15, 16, 17, 18, 19,
vWA	blue	151.00	203.00		17,18	4	0.110	none	11, 12, 13, 14, 15, 16, 17, 18, 19, 20, 21,
FGA	blue	206.25	360.00		23,24	4	0.110	none	18, 19, 20, 21, 22, 23, 24, 25, 26, 26.2, 27, 28, 29, 30,
AMEL	green	106.00	114.00		x	9	0.000	none	X, Y,
D8S1179	green	118.00	183.50		13	4	0.120	none	8, 9, 10, 11, 12, 13, 14, 15, 16, 17, 18, 19,
D21S11	green	184.50	247.50		30	4	0.130	none	24.2, 25, 26, 27, 28, 28.2, 29, 29.2, 30, 30.2, 31, 31.2, 32, 32.2, 33, 33.2, 34, 34.2, 35, 35.2, 36, 38,
D18S51	green	264.49	350.00		15,19	4	0.160	none	9, 10, 10.2, 11, 12, 13, 13.2, 14, 14.2, 15, 16, 17, 18, 19, 20, 21, 22, 23, 24, 25, 26,
D5S818	yellow	128.00	180.00		11	4	0.010	none	7, 8, 9, 10, 11, 12, 13, 14, 15, 16,
D13S317	yellow	192.00	242.00		11	4	0.010	none	8, 9, 10, 11, 12, 13, 14, 15,
D7S820	yellow	251.00	298.50		10,11	4	0.090	none	6, 7, 8, 9, 10, 11, 12, 13, 14, 15,
Panel	COfiler_CODIS_v1							
D3S1358	blue	 98.00	148.00		14,15	4	0.110	none	12, 13, 14, 15, 16, 17, 18, 19,
D16S539	blue	229.00	279.00		11,12	4	0.130	none	5, 8, 9, 10, 11, 12, 13, 14, 15,
AMEL	green	106.00	114.00		x	9	0.000	none	X, Y,
TH01	green	159.00	205.00		8,9.3	4	0.060	none	5, 6, 7, 8, 9, 9.3, 10,
TPOX	green	212.00	254.00		8	4	0.060	none	6, 7, 8, 9, 10, 11, 12, 13,
CSF1PO	green	275.00	323.00		10,12	4	0.090	none	6, 7, 8, 9, 10, 11, 12, 13, 14, 15,
D7S820	yellow	251.00	298.50		10,11	4	0.090	none	6, 7, 8, 9, 10, 11, 12, 13, 14, 15,
Panel	Identifiler_CODIS_v1							
D8S1179	blue	118.00	183.50		13	4	0.082	none	8, 9, 10, 11, 12, 13, 14, 15, 16, 17, 18, 19,
D21S11	blue	184.50	247.50		30	4	0.094	none	24, 24.2, 25, 26, 27, 28, 28.2, 29, 29.2, 30, 30.2, 31, 31.2, 32, 32.2, 33, 33.2, 34, 34.2, 35, 35.2, 36, 37, 38,
D7S820	blue	251.00	298.50		10,11	4	0.082	none	6, 7, 8, 9, 10, 11, 12, 13, 14, 15,
CSF1PO	blue	302.12	348.63		10,12	4	0.092	none	6, 7, 8, 9, 10, 11, 12, 13, 14, 15,
D3S1358	green	 98.00	148.00		14,15	4	0.107	none	12, 13, 14, 15, 16, 17, 18, 19,
TH01	green	159.00	205.00		8,9.3	4	0.051	none	4, 5, 6, 7, 8, 9, 9.3, 10, 11, 13.3,
D13S317	green	205.65	250.16		11	4	0.080	none	8, 9, 10, 11, 12, 13, 14, 15,
D16S539	green	255.30	301.81		11,12	4	0.104	none	5, 8, 9, 10, 11, 12, 13, 14, 15,
D2S1338	green	304.80	370.31		19,23	4	0.111	none	15, 16, 17, 18, 19, 20, 21, 22, 23, 24, 25, 26, 27, 28,
D19S433	yellow	101.00	148.00		14,15	4	0.133	none	9, 10, 11, 12, 12.2, 13, 13.2, 14, 14.2, 15, 15.2, 16, 16.2, 17, 17.2,
vWA	yellow	151.00	213.50		17,18	4	0.126	none	11, 12, 13, 14, 15, 16, 17, 18, 19, 20, 21, 22, 23, 24,
TPOX	yellow	216.99	260.99		8	4	0.048	none	6, 7, 8, 9, 10, 11, 12, 13,
D18S51	yellow	264.49	350.00		15,19	4	0.170	none	7, 9, 10, 10.2, 11, 12, 13, 13.2, 14, 14.2, 15, 16, 17, 18, 19, 20, 21, 22, 23, 24, 25, 26, 27,
AMEL	red	106.00	114.00		x	9	0.000	none	X, Y,
D5S818	red	128.00	180.00		11	4	0.068	none	7, 8, 9, 10, 11, 12, 13, 14, 15, 16,
FGA	red	206.25	360.00		23,24	4	0.147	none	17, 18, 19, 20, 21, 22, 23, 24, 25, 26, 26.2, 27, 28, 29, 30, 30.2, 31.2, 32.2, 33.2, 42.2, 43.2, 44.2, 45.2, 46.2, 47.2, 48.2, 50.2, 51.2,
Panel	PowerPlex_16_v1	null
D3S1358	blue	94.0	151.0	14,15	4	0.13	none	12, 13, 14, 15, 16, 17, 18, 19, 20, 
TH01	blue	152.0	195.0	8,9.3	4	0.06	none	4, 5, 6, 7, 8, 9, 9.3, 10, 11, 13.3, 
D21S11	blue	196.0	262.0	30	4	0.22	none	24, 24.2, 25, 25.2, 26, 27, 28, 28.2, 29, 29.2, 30, 30.2, 31, 31.2, 32, 32.2, 33, 33.2, 34, 34.2, 35, 35.2, 36, 37, 38, 
D18S51	blue	279.0	364.0	15,19	4	0.13	none	8, 9, 10, 10.2, 11, 12, 13, 13.2, 14, 15, 16, 17, 18, 19, 20, 21, 22, 23, 24, 25, 26, 27, 
Penta_E	blue	370.0	480.0	12,13	5	0.13	none	5, 6, 7, 8, 9, 10, 11, 12, 13, 14, 15, 16, 17, 18, 19, 20, 21, 22, 23, 24, 
D5S818	green	112.0	158.0	11	4	0.11	none	7, 8, 9, 10, 11, 12, 13, 14, 15, 16, 
D13S317	green	166.0	208.0	11	4	0.12	none	7, 8, 9, 10, 11, 12, 13, 14, 15, 
D7S820	green	210.0	252.0	10,11	4	0.1	none	6, 7, 8, 9, 10, 11, 12, 13, 14, 
D16S539	green	260.0	310.0	11,12	4	0.13	none	5, 8, 9, 10, 11, 12, 13, 14, 15, 
CSF1PO	green	312.0	361.0	10,12	4	0.1	none	6, 7, 8, 9, 10, 11, 12, 13, 14, 15, 
Penta_D	green	365.0	449.0	12	5	0.06	none	2.2, 3.2, 5, 7, 8, 9, 10, 11, 12, 13, 14, 15, 16, 17, 
AMEL	yellow	102.0	112.0	x	9	0.0	none	X, Y, 
vWA	yellow	120.0	184.0	17,18	4	0.14	none	10, 11, 12, 13, 14, 15, 16, 17, 18, 19, 20, 21, 22, 
D8S1179	yellow	200.0	252.0	13	4	0.11	none	7, 8, 9, 10, 11, 12, 13, 14, 15, 16, 17, 18, 
TPOX	yellow	255.0	303.0	8	4	0.06	none	6, 7, 8, 9, 10, 11, 12, 13, 
FGA	yellow	305.0	466.0	23,24	4	0.14	none	16, 17, 18, 18.2, 19, 19.2, 20, 20.2, 21, 21.2, 22, 22.2, 23, 23.2, 24, 24.2, 25, 25.2, 26, 27, 28, 29, 30, 31.2, 43.2, 44.2, 45.2, 46.2, 
Panel	PowerPlex_12_v1	null
D5S818	blue	107.0	152.0	11,12	4	0.13	none	7, 8, 9, 10, 11, 12, 13, 14, 15, 
D13S317	blue	159.0	206.0	8	4	0.13	none	7, 8, 9, 10, 11, 12, 13, 14, 15, 
D7S820	blue	207.0	249.0	9,11	4	0.13	none	6, 7, 8, 9, 10, 11, 12, 13, 14, 
D16S539	blue	253.0	309.0	11,12	4	0.13	none	5, 8, 9, 10, 11, 12, 13, 14, 15, 
vWA	yellow	118.0	170.0	16	4	0.13	none	11, 13, 14, 15, 16, 17, 18, 19, 20, 21, 
TH01	yellow	172.0	204.0	9.3	4	0.13	none	5, 6, 7, 8, 9, 10, 11, 
AMEL	yellow	208.0	217.0	x	9	0.0	none	X, Y, 
TPOX	yellow	218.0	258.0	8,9	4	0.13	none	6, 7, 8, 9, 10, 11, 12, 13, 
CSF1PO	yellow	283.0	335.0	9,10	4	0.13	none	6, 7, 8, 9, 10, 11, 12, 13, 14, 15, 
Panel	Penta_E_v1	null
Penta_E	blue	370.0	480.0	12,13	5	0.13	none	5, 6, 7, 8, 9, 10, 11, 12, 13, 14, 15, 16, 17, 18, 19, 20, 21, 22, 23, 24, 
Panel	Penta_D_v1	null
Penta_D	green	365.0	449.0	12	5	0.06	none	2.2, 3.2, 5, 7, 8, 9, 10, 11, 12, 13, 14, 15, 16, 17, 
Panel	SE33_v1	null
SE33	green	194.0	334.0	19,29.2	4	0.14	none	4.2, 6.3, 8, 9, 10, 11, 12, 13, 14, 15, 16, 17, 18, 19, 20, 20.2, 21, 21.2, 22, 22.2, 23.2, 24.2, 25.2, 26.2, 27.2, 28.2, 29.2, 30.2, 31.2, 32.2, 33.2, 34.2, 35, 36, 37, 
Panel	FFFL_v1	null
LPL	blue	92.0	130.0	10,12	4	0.09	none	7, 9, 10, 11, 12, 13, 14, 
F13B	blue	159.0	193.0	10	4	0.04	none	6, 7, 8, 9, 10, 11, 
FESFPS	blue	213.0	251.0	10,12	4	0.07	none	7, 8, 9, 10, 11, 12, 13, 14, 
F13A01	blue	270.0	336.0	4,5	4	0.04	none	4, 5, 6, 7, 8, 9, 11, 12, 13, 14, 15, 16, 
Panel	CTTV_v1	null
vWA	blue	126.0	168.0	16	4	0.14	none	13, 14, 15, 16, 17, 18, 19, 20, 
TH01	blue	169.0	203.5	9.3	4	0.06	none	5, 6, 7, 8, 9, 10, 11, 
AMEL	blue	205.0	218.0	x	9	0.0	none	X, Y, 
TPOX	blue	219.0	253.0	8,9	4	0.06	none	6, 7, 8, 9, 10, 11, 12, 13, 
CSF1PO	blue	282.0	327.0	9,10	4	0.1	none	7, 8, 9, 10, 11, 12, 13, 14, 15, 
Panel	NextGen_GS500							
D10	blue	72.0	127.0	"12,15"	4	0.11	none	"8, 9, 10, 11, 12, 13, 14, 15, 16, 17, 18, "
vWA	blue	149.0	214.3	"14,16"	4	0.126	none	"11, 12, 13, 14, 15, 16, 17, 18, 19, 20, 21, 22, 23, 24, "
D16S539	blue	223.6	277.6	"9,10"	4	0.104	none	"5, 8, 9, 10, 11, 12, 13, 14, 15, "
D2S1338	blue	281.6	356.0	"20,23"	4	0.111	none	"15, 16, 17, 18, 19, 20, 21, 22, 23, 24, 25, 26, 27, 28, "
AMEL	green	98.0	109.2	"x,y"	9	0	none	"X, Y, "
D8S1179	green	117.9	174.9	"12,13"	4	0.082	none	"8, 9, 10, 11, 12, 13, 14, 15, 16, 17, 18, 19, "
D21S11	green	178.8	249.8	"28,31"	4	0.094	none	"24, 24.2, 25, 26, 27, 28, 28.2, 29, 29.2, 30, 30.2, 31, 31.2, 32, 32.2, 33, 33.2, 34, 34.2, 35, 35.2, 36, 37, 38, "
D18S51	green	259.5	347.5	"12,15"	4	0.17	none	"7, 9, 10, 10.2, 11, 12, 13, 13.2, 14, 14.2, 15, 16, 17, 18, 19, 20, 21, 22, 23, 24, 25, 26, 27, "
D22	yellow	74.0	120.0	"11,16"	3	0.15	none	"8, 9, 10, 11, 12, 13, 14, 15, 16, 17, 18, 19"
D19S433	yellow	122.3	166.3	"14,15"	4	0.133	none	"9, 10, 11, 12, 12.2, 13, 13.2, 14, 14.2, 15, 15.2, 16, 16.2, 17, 17.2, "
TH01	yellow	176.4	221.1	"7,9.3"	4	0.051	none	"4, 5, 6, 7, 8, 9, 9.3, 10, 11, 13.3, "
FGA	yellow	221.6	372.0	"24,26"	4	0.147	none	"17, 18, 19, 20, 21, 22, 23, 24, 25, 26, 26.2, 27, 28, 29, 30, 30.2, 31.2, 32.2, 33.2, 42.2, 43.2, 44.2, 45.2, 46.2, 47.2, 48.2, 50.2, 51.2, "
D2S441	red	74.5	113.4	"14,15"	4	0.06	none	"9, 10, 11, 11.3, 12, 13, 14, 15, 16, "
D3S1358	red	114.4	168.4	"15,16"	4	0.107	none	"12, 13, 14, 15, 16, 17, 18, 19, "
D1S1656	red	170.0	224.0	"13,16"	4	0.12	none	"9, 10, 11, 12, 13, 14, 14.3, 15, 15.3, 16, 16.3, 17, 17.3, 18.3, 19.3, 20.3, "
D12S391	red	225	287.0	"18,19"	4	0.10	none	"14, 15, 16, 17, 18, 19, 19.3, 20, 21, 22, 23, 24, 25, 26, 27, "
Panel	Prototype_PowerPlex_EP01	null
AMEL		blue	75.00	92.00	X, X	9	0.0	none	X, Y
D3S1358		blue	92.01	150.00	14,15	4	0.13	none	12, 13, 14, 15, 16, 17, 18, 19, 20, 
TH01		blue	150.01	195.00	8,9.3	4	0.06	none	4, 5, 6, 7, 8, 9, 9.3, 10, 11, 13.3, 
D21S11		blue	195.01	270.00	30	4	0.22	none	24, 24.2, 25, 25.2, 26, 27, 28, 28.2, 29, 29.2, 30, 30.2, 31, 31.2, 32, 32.2, 33, 33.2, 34, 34.2, 35, 35.2, 36, 37, 38, 
D18S51		blue	270.01	370.00	15,19	4	0.13	none	8, 9, 10, 10.2, 11, 12, 13, 13.2, 14, 15, 16, 17, 18, 19, 20, 21, 22, 23, 24, 25, 26, 27, 
D10S1248	green	70.00	127.00	13,15	4	0.12	none	8, 10, 11, 12, 13, 14, 15, 16, 17, 19 
D1S1656		green	127.01	180.00	18.3,18.3	4	0.12	none	9, 10, 11, 12, 13, 14, 14.3, 15, 15.3, 16, 16.3, 17, 17.3, 18, 18.3, 19, 19.3, 20.3 
D2S1338		green	180.01	265.00	19,23	4	0.11	none	10, 12, 14, 15, 16, 17, 18, 19, 20, 21, 22, 23, 24, 25, 26, 27, 28 
D16S539		green	265.01	330.00	11,12	4	0.13	none	4, 5, 6, 7, 8, 9, 10, 11, 12, 13, 14, 15, 16, 
D22S1045	yellow	70.00	118.00	11,14	3	0.20	none	8, 10, 11, 12, 13, 14, 15, 16, 17, 18, 19	
vWA		yellow	118.01	200.00	17,18	4	0.14	none	10, 11, 12, 13, 14, 15, 16, 17, 18, 19, 20, 21, 22, 
D8S1179		yellow	200.01	257.50	13	4	0.11	none	7, 8, 9, 10, 11, 12, 13, 14, 15, 16, 17, 18, 
FGA		yellow	257.51	420.00	23,24	4	0.14	none	16, 17, 18, 18.2, 19, 19.2, 20, 20.2, 21, 21.2, 22, 22.2, 23, 23.2, 24, 24.2, 25, 25.2, 26, 27, 28, 29, 30, 31.2, 43.2, 44.2, 45.2, 46.2, 
D2S441		red	80.0	127.00	10,14	4	0.08	none	8, 10, 11, 11.3, 12, 13, 14, 15, 17,
D12S391		red	127.01	188.00	18,20	4	0.15	none	14, 15, 16, 17, 17.3, 18, 18.3, 19, 20, 21, 22, 23, 24, 25, 26, 27,
D19S433		red	188.01	262.00	14,15	4	0.14	none	5.2, 6.2, 8, 9, 10, 11, 12, 12.2, 13, 13.2, 14, 14.2, 15, 15.2, 16, 16.2, 17, 17.2, 18, 18.2, 20.2,
Panel	Identifiler_v2	null
D8S1179	blue	90.0	184.5	13	4	0.082	none	8, 9, 10, 11, 12, 13, 14, 15, 16, 17, 18, 19, 
D21S11	blue	184.0	250.5	30	4	0.094	none	24, 24.2, 25, 26, 27, 28, 28.2, 29, 29.2, 30, 30.2, 31, 31.2, 32, 32.2, 33, 33.2, 34, 34.2, 35, 35.2, 36, 37, 38, 
D7S820	blue	250.0	300.5	10,11	4	0.082	none	6, 7, 8, 9, 10, 11, 12, 13, 14, 15, 
CSF1PO	blue	300.0	400.0	10,12	4	0.092	none	6, 7, 8, 9, 10, 11, 12, 13, 14, 15, 
D3S1358	green	90.0	155.5	14,15	4	0.107	none	12, 13, 14, 15, 16, 17, 18, 19, 
TH01	green	155.0	206.0	8,9.3	4	0.051	none	4, 5, 6, 7, 8, 9, 9.3, 10, 11, 13.3, 
D13S317	green	204.0	252.5	11	4	0.08	none	8, 9, 10, 11, 12, 13, 14, 15, 
D16S539	green	252.0	303.5	11,12	4	0.104	none	5, 8, 9, 10, 11, 12, 13, 14, 15, 
D2S1338	green	301.0	400.0	19,23	4	0.111	none	15, 16, 17, 18, 19, 20, 21, 22, 23, 24, 25, 26, 27, 28, 
D19S433	yellow	90.0	151.0	14,15	4	0.133	none	9, 10, 11, 12, 12.2, 13, 13.2, 14, 14.2, 15, 15.2, 16, 16.2, 17, 17.2, 
vWA	yellow	148.5	215.5	17,18	4	0.126	none	11, 12, 13, 14, 15, 16, 17, 18, 19, 20, 21, 22, 23, 24, 
TPOX	yellow	215.0	262.5	8	4	0.048	none	6, 7, 8, 9, 10, 11, 12, 13, 
D18S51	yellow	262.0	400.0	15,19	4	0.17	none	7, 9, 10, 10.2, 11, 12, 13, 13.2, 14, 14.2, 15, 16, 17, 18, 19, 20, 21, 22, 23, 24, 25, 26, 27, 
AMEL	red	106.0	114.5	x	9	0.0	none	X, Y, 
D5S818	red	114.0	190.5	11	4	0.068	none	7, 8, 9, 10, 11, 12, 13, 14, 15, 16, 
FGA	red	188.0	400.0	23,24	4	0.147	none	17, 18, 19, 20, 21, 22, 23, 24, 25, 26, 26.2, 27, 28, 29, 30, 30.2, 31.2, 32.2, 33.2, 42.2, 43.2, 44.2, 45.2, 46.2, 47.2, 48.2, 50.2, 51.2, 
