Version	GM v 3.0
Chemistry Kit	AmpFLSTR_Panels_v1 Promega_Panels_v1 NextGen
BinSet Name	AmpFLSTR_Bins_v1
Panel Name	Blue_v1
Marker Name	D3S1358
11	110.0	0.5	0.5
12	114.0	0.5	0.5
13	118.0	0.5	0.5
14	122.0	0.5	0.5
15	126.0	0.5	0.5
15.2	128.0	0.5	0.5
16	130.0	0.5	0.5
16.2	132.0	0.5	0.5
17	134.0	0.5	0.5
17.2	136.0	0.5	0.5
18	138.0	0.5	0.5
18.2	140.0	0.5	0.5
19	142.0	0.5	0.5
20	146.0	0.5	0.5
Marker Name	vWA
10	153.0	0.5	0.5
11	157.0	0.5	0.5
12	161.0	0.5	0.5
13	165.0	0.5	0.5
14	169.0	0.5	0.5
15	173.0	0.5	0.5
15.2	175.0	0.5	0.5
16	177.0	0.5	0.5
17	181.0	0.5	0.5
18	185.0	0.5	0.5
18.2	187.0	0.5	0.5
19	189.0	0.5	0.5
20	193.0	0.5	0.5
21	197.0	0.5	0.5
22	201.0	0.5	0.5
Marker Name	FGA
17	215.0	0.5	0.5
17.2	217.0	0.5	0.5
18	219.0	0.5	0.5
18.2	221.0	0.5	0.5
19	223.0	0.5	0.5
19.2	225.0	0.5	0.5
20	227.0	0.5	0.5
20.2	229.0	0.5	0.5
21	231.0	0.5	0.5
21.2	233.0	0.5	0.5
22	235.0	0.5	0.5
22.2	237.0	0.5	0.5
23	239.0	0.5	0.5
23.2	241.0	0.5	0.5
24	243.0	0.5	0.5
24.2	245.0	0.5	0.5
25	247.0	0.5	0.5
25.2	249.0	0.5	0.5
26	251.0	0.5	0.5
26.2	253.0	0.5	0.5
27	255.0	0.5	0.5
27.2	257.0	0.5	0.5
28	259.0	0.5	0.5
28.2	261.0	0.5	0.5
29	263.0	0.5	0.5
29.2	265.0	0.5	0.5
30	267.0	0.5	0.5
30.2	269.0	0.5	0.5
31	271.0	0.5	0.5
Panel Name	Green_I_v1
Marker Name	AMEL
X	107.0	0.5	0.5
Y	113.0	0.5	0.5
Marker Name	TH01
4	165.0	0.5	0.5
5	169.0	0.5	0.5
5.3	172.0	0.5	0.4
6	173.0	0.4	0.5
6.3	176.0	0.5	0.4
7	177.0	0.4	0.5
7.3	180.0	0.5	0.4
8	181.0	0.4	0.5
8.3	184.0	0.5	0.4
9	185.0	0.4	0.5
9.3	188.0	0.5	0.4
10	189.0	0.4	0.5
10.3	192.0	0.5	0.4
11	193.0	0.4	0.5
Marker Name	TPOX
5	214.0	0.5	0.5
6	218.0	0.5	0.5
7	222.0	0.5	0.5
8	226.0	0.5	0.5
9	230.0	0.5	0.5
10	234.0	0.5	0.5
11	238.0	0.5	0.5
12	242.0	0.5	0.5
13	246.0	0.5	0.5
14	250.0	0.5	0.5
Marker Name	CSF1PO
6	281.0	0.5	0.5
7	285.0	0.5	0.5
8	289.0	0.5	0.5
9	293.0	0.5	0.5
10	297.0	0.5	0.5
10.2	299.0	0.5	0.5
11	301.0	0.5	0.5
12	305.0	0.5	0.5
13	309.0	0.5	0.5
14	313.0	0.5	0.5
15	317.0	0.5	0.5
16	321.0	0.5	0.5
Panel Name	Profiler_v1
Marker Name	D3S1358
11	110.0	0.5	0.5
12	114.0	0.5	0.5
13	118.0	0.5	0.5
14	122.0	0.5	0.5
15	126.0	0.5	0.5
15.2	128.0	0.5	0.5
16	130.0	0.5	0.5
16.2	132.0	0.5	0.5
17	134.0	0.5	0.5
17.2	136.0	0.5	0.5
18	138.0	0.5	0.5
18.2	140.0	0.5	0.5
19	142.0	0.5	0.5
20	146.0	0.5	0.5
Marker Name	vWA
10	153.0	0.5	0.5
11	157.0	0.5	0.5
12	161.0	0.5	0.5
13	165.0	0.5	0.5
14	169.0	0.5	0.5
15	173.0	0.5	0.5
15.2	175.0	0.5	0.5
16	177.0	0.5	0.5
17	181.0	0.5	0.5
18	185.0	0.5	0.5
18.2	187.0	0.5	0.5
19	189.0	0.5	0.5
20	193.0	0.5	0.5
21	197.0	0.5	0.5
22	201.0	0.5	0.5
Marker Name	FGA
17	215.0	0.5	0.5
17.2	217.0	0.5	0.5
18	219.0	0.5	0.5
18.2	221.0	0.5	0.5
19	223.0	0.5	0.5
19.2	225.0	0.5	0.5
20	227.0	0.5	0.5
20.2	229.0	0.5	0.5
21	231.0	0.5	0.5
21.2	233.0	0.5	0.5
22	235.0	0.5	0.5
22.2	237.0	0.5	0.5
23	239.0	0.5	0.5
23.2	241.0	0.5	0.5
24	243.0	0.5	0.5
24.2	245.0	0.5	0.5
25	247.0	0.5	0.5
25.2	249.0	0.5	0.5
26	251.0	0.5	0.5
26.2	253.0	0.5	0.5
27	255.0	0.5	0.5
27.2	257.0	0.5	0.5
28	259.0	0.5	0.5
28.2	261.0	0.5	0.5
29	263.0	0.5	0.5
29.2	265.0	0.5	0.5
30	267.0	0.5	0.5
30.2	269.0	0.5	0.5
31	271.0	0.5	0.5
Marker Name	AMEL
X	107.0	0.5	0.5
Y	113.0	0.5	0.5
Marker Name	TH01
4	165.0	0.5	0.5
5	169.0	0.5	0.5
5.3	172.0	0.5	0.4
6	173.0	0.4	0.5
6.3	176.0	0.5	0.4
7	177.0	0.4	0.5
7.3	180.0	0.5	0.4
8	181.0	0.4	0.5
8.3	184.0	0.5	0.4
9	185.0	0.4	0.5
9.3	188.0	0.5	0.4
10	189.0	0.4	0.5
10.3	192.0	0.5	0.4
11	193.0	0.4	0.5
Marker Name	TPOX
5	214.0	0.5	0.5
6	218.0	0.5	0.5
7	222.0	0.5	0.5
8	226.0	0.5	0.5
9	230.0	0.5	0.5
10	234.0	0.5	0.5
11	238.0	0.5	0.5
12	242.0	0.5	0.5
13	246.0	0.5	0.5
14	250.0	0.5	0.5
Marker Name	CSF1PO
6	281.0	0.5	0.5
7	285.0	0.5	0.5
8	289.0	0.5	0.5
9	293.0	0.5	0.5
10	297.0	0.5	0.5
10.2	299.0	0.5	0.5
11	301.0	0.5	0.5
12	305.0	0.5	0.5
13	309.0	0.5	0.5
14	313.0	0.5	0.5
15	317.0	0.5	0.5
16	321.0	0.5	0.5
Marker Name	D5S818
6	131.0	0.5	0.5
7	135.0	0.5	0.5
8	139.0	0.5	0.5
9	143.0	0.5	0.5
10	147.0	0.5	0.5
11	151.0	0.5	0.5
12	155.0	0.5	0.5
13	159.0	0.5	0.5
14	163.0	0.5	0.5
15	167.0	0.5	0.5
16	171.0	0.5	0.5
17	175.0	0.5	0.5
Marker Name	D13S317
7	202.0	0.5	0.5
8	206.0	0.5	0.5
9	210.0	0.5	0.5
10	214.0	0.5	0.5
11	218.0	0.5	0.5
12	222.0	0.5	0.5
13	226.0	0.5	0.5
14	230.0	0.5	0.5
15	234.0	0.5	0.5
16	238.0	0.5	0.5
Marker Name	D7S820
5	254.0	0.5	0.5
5.2	256.0	0.5	0.5
6	258.0	0.5	0.5
7	262.0	0.5	0.5
8	266.0	0.5	0.5
8.2	268.0	0.5	0.5
9	270.0	0.5	0.5
9.2	272.0	0.5	0.5
10	274.0	0.5	0.5
11	278.0	0.5	0.5
12	282.0	0.5	0.5
13	286.0	0.5	0.5
14	290.0	0.5	0.5
15	294.0	0.5	0.5
16	298.0	0.5	0.5
Panel Name	Profiler_Plus_v1
Marker Name	D3S1358
11	110.0	0.5	0.5
12	114.0	0.5	0.5
13	118.0	0.5	0.5
14	122.0	0.5	0.5
15	126.0	0.5	0.5
15.2	128.0	0.5	0.5
16	130.0	0.5	0.5
16.2	132.0	0.5	0.5
17	134.0	0.5	0.5
17.2	136.0	0.5	0.5
18	138.0	0.5	0.5
18.2	140.0	0.5	0.5
19	142.0	0.5	0.5
20	146.0	0.5	0.5
Marker Name	vWA
10	153.0	0.5	0.5
11	157.0	0.5	0.5
12	161.0	0.5	0.5
13	165.0	0.5	0.5
14	169.0	0.5	0.5
15	173.0	0.5	0.5
15.2	175.0	0.5	0.5
16	177.0	0.5	0.5
17	181.0	0.5	0.5
18	185.0	0.5	0.5
18.2	187.0	0.5	0.5
19	189.0	0.5	0.5
20	193.0	0.5	0.5
21	197.0	0.5	0.5
22	201.0	0.5	0.5
Marker Name	FGA
17	215.0	0.5	0.5
17.2	217.0	0.5	0.5
18	219.0	0.5	0.5
18.2	221.0	0.5	0.5
19	223.0	0.5	0.5
19.2	225.0	0.5	0.5
20	227.0	0.5	0.5
20.2	229.0	0.5	0.5
21	231.0	0.5	0.5
21.2	233.0	0.5	0.5
22	235.0	0.5	0.5
22.2	237.0	0.5	0.5
23	239.0	0.5	0.5
23.2	241.0	0.5	0.5
24	243.0	0.5	0.5
24.2	245.0	0.5	0.5
25	247.0	0.5	0.5
25.2	249.0	0.5	0.5
26	251.0	0.5	0.5
26.2	253.0	0.5	0.5
27	255.0	0.5	0.5
27.2	257.0	0.5	0.5
28	259.0	0.5	0.5
28.2	261.0	0.5	0.5
29	263.0	0.5	0.5
29.2	265.0	0.5	0.5
30	267.0	0.5	0.5
30.2	269.0	0.5	0.5
31	271.0	0.5	0.5
Marker Name	AMEL
X	107.0	0.5	0.5
Y	113.0	0.5	0.5
Marker Name	D8S1179
7	124.0	0.5	0.5
8	128.0	0.5	0.5
9	132.0	0.5	0.5
10	136.0	0.5	0.5
11	140.0	0.5	0.5
12	144.0	0.5	0.5
13	148.0	0.5	0.5
14	152.0	0.5	0.5
15	156.0	0.5	0.5
16	160.0	0.5	0.5
17	164.0	0.5	0.5
18	168.0	0.5	0.5
19	172.0	0.5	0.5
20	176.0	0.5	0.5
Marker Name	D21S11
23.2	185.0	0.5	0.5
24	187.0	0.5	0.5
24.2	189.0	0.5	0.5
25	191.0	0.5	0.5
25.2	193.0	0.5	0.5
26	195.0	0.5	0.5
26.2	197.0	0.5	0.5
27	199.0	0.5	0.5
27.2	201.0	0.5	0.5
28	203.0	0.5	0.5
28.2	205.0	0.5	0.5
29	207.0	0.5	0.5
29.2	209.0	0.5	0.5
30	211.0	0.5	0.5
30.2	213.0	0.5	0.5
31	215.0	0.5	0.5
31.2	217.0	0.5	0.5
32	219.0	0.5	0.5
32.2	221.0	0.5	0.5
33	223.0	0.5	0.5
33.2	225.0	0.5	0.5
34	227.0	0.5	0.5
34.2	229.0	0.5	0.5
35	231.0	0.5	0.5
35.2	233.0	0.5	0.5
36	235.0	0.5	0.5
36.2	237.0	0.5	0.5
37	239.0	0.5	0.5
37.2	241.0	0.5	0.5
38	243.0	0.5	0.5
38.2	245.0	0.5	0.5
39	247.0	0.5	0.5
Marker Name	D18S51
7	265.0	0.5	0.5
8	269.0	0.5	0.5
9	273.0	0.5	0.5
9.2	275.0	0.5	0.5
10	277.0	0.5	0.5
10.2	279.0	0.5	0.5
11	281.0	0.5	0.5
11.2	283.0	0.5	0.5
12	285.0	0.5	0.5
12.2	287.0	0.5	0.5
13	289.0	0.5	0.5
13.2	291.0	0.5	0.5
14	293.0	0.5	0.5
14.2	295.0	0.5	0.5
15	297.0	0.5	0.5
15.2	299.0	0.5	0.5
16	301.0	0.5	0.5
16.2	303.0	0.5	0.5
17	305.0	0.5	0.5
17.2	307.0	0.5	0.5
18	309.0	0.5	0.5
18.2	311.0	0.5	0.5
19	313.0	0.5	0.5
19.2	315.0	0.5	0.5
20	317.0	0.5	0.5
20.2	319.0	0.5	0.5
21	321.0	0.5	0.5
21.2	323.0	0.5	0.5
22	325.0	0.5	0.5
22.2	327.0	0.5	0.5
23	329.0	0.5	0.5
23.2	331.0	0.5	0.5
24	333.0	0.5	0.5
25	337.0	0.5	0.5
26	341.0	0.5	0.5
27	345.0	0.5	0.5
Marker Name	D5S818
6	131.0	0.5	0.5
7	135.0	0.5	0.5
8	139.0	0.5	0.5
9	143.0	0.5	0.5
10	147.0	0.5	0.5
11	151.0	0.5	0.5
12	155.0	0.5	0.5
13	159.0	0.5	0.5
14	163.0	0.5	0.5
15	167.0	0.5	0.5
16	171.0	0.5	0.5
17	175.0	0.5	0.5
Marker Name	D13S317
7	202.0	0.5	0.5
8	206.0	0.5	0.5
9	210.0	0.5	0.5
10	214.0	0.5	0.5
11	218.0	0.5	0.5
12	222.0	0.5	0.5
13	226.0	0.5	0.5
14	230.0	0.5	0.5
15	234.0	0.5	0.5
16	238.0	0.5	0.5
Marker Name	D7S820
5	254.0	0.5	0.5
5.2	256.0	0.5	0.5
6	258.0	0.5	0.5
7	262.0	0.5	0.5
8	266.0	0.5	0.5
8.2	268.0	0.5	0.5
9	270.0	0.5	0.5
9.2	272.0	0.5	0.5
10	274.0	0.5	0.5
11	278.0	0.5	0.5
12	282.0	0.5	0.5
13	286.0	0.5	0.5
14	290.0	0.5	0.5
15	294.0	0.5	0.5
16	298.0	0.5	0.5
Panel Name	COfiler_v1
Marker Name	D3S1358
11	110.0	0.5	0.5
12	114.0	0.5	0.5
13	118.0	0.5	0.5
14	122.0	0.5	0.5
15	126.0	0.5	0.5
15.2	128.0	0.5	0.5
16	130.0	0.5	0.5
16.2	132.0	0.5	0.5
17	134.0	0.5	0.5
17.2	136.0	0.5	0.5
18	138.0	0.5	0.5
18.2	140.0	0.5	0.5
19	142.0	0.5	0.5
20	146.0	0.5	0.5
Marker Name	D16S539
5	234.0	0.5	0.5
6	238.0	0.5	0.5
7	242.0	0.5	0.5
8	246.0	0.5	0.5
9	250.0	0.5	0.5
10	254.0	0.5	0.5
11	258.0	0.5	0.5
12	262.0	0.5	0.5
12.2	264.0	0.5	0.5
13	266.0	0.5	0.5
14	270.0	0.5	0.5
15	274.0	0.5	0.5
16	278.0	0.5	0.5
Marker Name	AMEL
X	107.0	0.5	0.5
Y	113.0	0.5	0.5
Marker Name	TH01
4	165.0	0.5	0.5
5	169.0	0.5	0.5
5.3	172.0	0.5	0.4
6	173.0	0.4	0.5
6.3	176.0	0.5	0.4
7	177.0	0.4	0.5
7.3	180.0	0.5	0.4
8	181.0	0.4	0.5
8.3	184.0	0.5	0.4
9	185.0	0.4	0.5
9.3	188.0	0.5	0.4
10	189.0	0.4	0.5
10.3	192.0	0.5	0.4
11	193.0	0.4	0.5
Marker Name	TPOX
5	214.0	0.5	0.5
6	218.0	0.5	0.5
7	222.0	0.5	0.5
8	226.0	0.5	0.5
9	230.0	0.5	0.5
10	234.0	0.5	0.5
11	238.0	0.5	0.5
12	242.0	0.5	0.5
13	246.0	0.5	0.5
14	250.0	0.5	0.5
Marker Name	CSF1PO
6	281.0	0.5	0.5
7	285.0	0.5	0.5
8	289.0	0.5	0.5
9	293.0	0.5	0.5
10	297.0	0.5	0.5
10.2	299.0	0.5	0.5
11	301.0	0.5	0.5
12	305.0	0.5	0.5
13	309.0	0.5	0.5
14	313.0	0.5	0.5
15	317.0	0.5	0.5
16	321.0	0.5	0.5
Marker Name	D7S820
5	254.0	0.5	0.5
5.2	256.0	0.5	0.5
6	258.0	0.5	0.5
7	262.0	0.5	0.5
8	266.0	0.5	0.5
8.2	268.0	0.5	0.5
9	270.0	0.5	0.5
9.2	272.0	0.5	0.5
10	274.0	0.5	0.5
11	278.0	0.5	0.5
12	282.0	0.5	0.5
13	286.0	0.5	0.5
14	290.0	0.5	0.5
15	294.0	0.5	0.5
16	298.0	0.5	0.5
Panel Name	SGM_Plus_v1
Marker Name	D3S1358
11	110.0	0.5	0.5
12	114.0	0.5	0.5
13	118.0	0.5	0.5
14	122.0	0.5	0.5
15	126.0	0.5	0.5
15.2	128.0	0.5	0.5
16	130.0	0.5	0.5
16.2	132.0	0.5	0.5
17	134.0	0.5	0.5
17.2	136.0	0.5	0.5
18	138.0	0.5	0.5
18.2	140.0	0.5	0.5
19	142.0	0.5	0.5
20	146.0	0.5	0.5
Marker Name	vWA
10	153.0	0.5	0.5
11	157.0	0.5	0.5
12	161.0	0.5	0.5
13	165.0	0.5	0.5
14	169.0	0.5	0.5
15	173.0	0.5	0.5
15.2	175.0	0.5	0.5
16	177.0	0.5	0.5
17	181.0	0.5	0.5
18	185.0	0.5	0.5
18.2	187.0	0.5	0.5
19	189.0	0.5	0.5
20	193.0	0.5	0.5
21	197.0	0.5	0.5
22	201.0	0.5	0.5
23	205.0	0.5	0.5
24	209.0	0.5	0.5
25	213.0	0.5	0.5
Marker Name	D16S539
5	234.0	0.5	0.5
6	238.0	0.5	0.5
7	242.0	0.5	0.5
8	246.0	0.5	0.5
9	250.0	0.5	0.5
10	254.0	0.5	0.5
11	258.0	0.5	0.5
12	262.0	0.5	0.5
12.2	264.0	0.5	0.5
13	266.0	0.5	0.5
14	270.0	0.5	0.5
15	274.0	0.5	0.5
16	278.0	0.5	0.5
Marker Name	D2S1338
14	285.0	0.5	0.5
15	289.0	0.5	0.5
16	293.0	0.5	0.5
17	297.0	0.5	0.5
18	301.0	0.5	0.5
19	305.0	0.5	0.5
20	309.0	0.5	0.5
21	313.0	0.5	0.5
22	317.0	0.5	0.5
23	321.0	0.5	0.5
24	325.0	0.5	0.5
25	329.0	0.5	0.5
26	333.0	0.5	0.5
27	337.0	0.5	0.5
28	341.0	0.5	0.5
29	345.0	0.5	0.5
Marker Name	AMEL
X	107.0	0.5	0.5
Y	113.0	0.5	0.5
Marker Name	D8S1179
7	124.0	0.5	0.5
8	128.0	0.5	0.5
9	132.0	0.5	0.5
10	136.0	0.5	0.5
11	140.0	0.5	0.5
12	144.0	0.5	0.5
13	148.0	0.5	0.5
14	152.0	0.5	0.5
15	156.0	0.5	0.5
16	160.0	0.5	0.5
17	164.0	0.5	0.5
18	168.0	0.5	0.5
19	172.0	0.5	0.5
20	176.0	0.5	0.5
Marker Name	D21S11
23.2	185.0	0.5	0.5
24	187.0	0.5	0.5
24.2	189.0	0.5	0.5
25	191.0	0.5	0.5
25.2	193.0	0.5	0.5
26	195.0	0.5	0.5
26.2	197.0	0.5	0.5
27	199.0	0.5	0.5
27.2	201.0	0.5	0.5
28	203.0	0.5	0.5
28.2	205.0	0.5	0.5
29	207.0	0.5	0.5
29.2	209.0	0.5	0.5
30	211.0	0.5	0.5
30.2	213.0	0.5	0.5
31	215.0	0.5	0.5
31.2	217.0	0.5	0.5
32	219.0	0.5	0.5
32.2	221.0	0.5	0.5
33	223.0	0.5	0.5
33.2	225.0	0.5	0.5
34	227.0	0.5	0.5
34.2	229.0	0.5	0.5
35	231.0	0.5	0.5
35.2	233.0	0.5	0.5
36	235.0	0.5	0.5
36.2	237.0	0.5	0.5
37	239.0	0.5	0.5
37.2	241.0	0.5	0.5
38	243.0	0.5	0.5
38.2	245.0	0.5	0.5
39	247.0	0.5	0.5
Marker Name	D18S51
7	265.0	0.5	0.5
8	269.0	0.5	0.5
9	273.0	0.5	0.5
9.2	275.0	0.5	0.5
10	277.0	0.5	0.5
10.2	279.0	0.5	0.5
11	281.0	0.5	0.5
11.2	283.0	0.5	0.5
12	285.0	0.5	0.5
12.2	287.0	0.5	0.5
13	289.0	0.5	0.5
13.2	291.0	0.5	0.5
14	293.0	0.5	0.5
14.2	295.0	0.5	0.5
15	297.0	0.5	0.5
15.2	299.0	0.5	0.5
16	301.0	0.5	0.5
16.2	303.0	0.5	0.5
17	305.0	0.5	0.5
17.2	307.0	0.5	0.5
18	309.0	0.5	0.5
18.2	311.0	0.5	0.5
19	313.0	0.5	0.5
19.2	315.0	0.5	0.5
20	317.0	0.5	0.5
20.2	319.0	0.5	0.5
21	321.0	0.5	0.5
21.2	323.0	0.5	0.5
22	325.0	0.5	0.5
22.2	327.0	0.5	0.5
23	329.0	0.5	0.5
23.2	331.0	0.5	0.5
24	333.0	0.5	0.5
25	337.0	0.5	0.5
26	341.0	0.5	0.5
27	345.0	0.5	0.5
Marker Name	D19S433
9	106.0	0.5	0.5
9.2	108.0	0.5	0.5
10	110.0	0.5	0.5
10.2	112.0	0.5	0.5
11	114.0	0.5	0.5
11.2	116.0	0.5	0.5
12	118.0	0.5	0.5
12.2	120.0	0.5	0.5
13	122.0	0.5	0.5
13.2	124.0	0.5	0.5
14	126.0	0.5	0.5
14.2	128.0	0.5	0.5
15	130.0	0.5	0.5
15.2	132.0	0.5	0.5
16	134.0	0.5	0.5
16.2	136.0	0.5	0.5
17	138.0	0.5	0.5
17.2	140.0	0.5	0.5
18	142.0	0.5	0.5
18.2	144.0	0.5	0.5
Marker Name	TH01
3	161.0	0.5	0.5
4	165.0	0.5	0.5
5	169.0	0.5	0.5
5.3	172.0	0.5	0.4
6	173.0	0.4	0.5
6.3	176.0	0.5	0.4
7	177.0	0.4	0.5
7.3	180.0	0.5	0.4
8	181.0	0.4	0.5
8.3	184.0	0.5	0.4
9	185.0	0.4	0.5
9.3	188.0	0.5	0.4
10	189.0	0.4	0.5
10.3	192.0	0.5	0.4
11	193.0	0.4	0.5
12	197.0	0.5	0.5
13	201.0	0.5	0.5
13.3	204.0	0.5	0.5
Marker Name	FGA
16	211.0	0.5	0.5
16.2	213.0	0.5	0.5
17	215.0	0.5	0.5
17.2	217.0	0.5	0.5
18	219.0	0.5	0.5
18.2	221.0	0.5	0.5
19	223.0	0.5	0.5
19.2	225.0	0.5	0.5
20	227.0	0.5	0.5
20.2	229.0	0.5	0.5
21	231.0	0.5	0.5
21.2	233.0	0.5	0.5
22	235.0	0.5	0.5
22.2	237.0	0.5	0.5
23	239.0	0.5	0.5
23.2	241.0	0.5	0.5
24	243.0	0.5	0.5
24.2	245.0	0.5	0.5
25	247.0	0.5	0.5
25.2	249.0	0.5	0.5
26	251.0	0.5	0.5
26.2	253.0	0.5	0.5
27	255.0	0.5	0.5
27.2	257.0	0.5	0.5
28	259.0	0.5	0.5
28.2	261.0	0.5	0.5
29	263.0	0.5	0.5
29.2	265.0	0.5	0.5
30	267.0	0.5	0.5
30.2	269.0	0.5	0.5
31	271.0	0.5	0.5
31.2	273.0	0.5	0.5
32	275.0	0.5	0.5
32.2	277.0	0.5	0.5
33.2	281.0	0.5	0.5
34.2	285.0	0.5	0.5
42.2	317.0	0.5	0.5
43.2	321.0	0.5	0.5
44.2	325.0	0.5	0.5
45.2	329.0	0.5	0.5
46.2	333.0	0.5	0.5
47.2	337.0	0.5	0.5
48.2	341.0	0.5	0.5
49.2	345.0	0.5	0.5
50.2	349.0	0.5	0.5
51.2	353.0	0.5	0.5
Panel Name	Identifiler_v1
Marker Name	D8S1179
7	124.0	0.5	0.5
8	128.0	0.5	0.5
9	132.0	0.5	0.5
10	136.0	0.5	0.5
11	140.0	0.5	0.5
12	144.0	0.5	0.5
13	148.0	0.5	0.5
14	152.0	0.5	0.5
15	156.0	0.5	0.5
16	160.0	0.5	0.5
17	164.0	0.5	0.5
18	168.0	0.5	0.5
19	172.0	0.5	0.5
20	176.0	0.5	0.5
Marker Name	D21S11
23.2	185.0	0.5	0.5
24	187.0	0.5	0.5
24.2	189.0	0.5	0.5
25	191.0	0.5	0.5
25.2	193.0	0.5	0.5
26	195.0	0.5	0.5
26.2	197.0	0.5	0.5
27	199.0	0.5	0.5
27.2	201.0	0.5	0.5
28	203.0	0.5	0.5
28.2	205.0	0.5	0.5
29	207.0	0.5	0.5
29.2	209.0	0.5	0.5
30	211.0	0.5	0.5
30.2	213.0	0.5	0.5
31	215.0	0.5	0.5
31.2	217.0	0.5	0.5
32	219.0	0.5	0.5
32.2	221.0	0.5	0.5
33	223.0	0.5	0.5
33.2	225.0	0.5	0.5
34	227.0	0.5	0.5
34.2	229.0	0.5	0.5
35	231.0	0.5	0.5
35.2	233.0	0.5	0.5
36	235.0	0.5	0.5
36.2	237.0	0.5	0.5
37	239.0	0.5	0.5
37.2	241.0	0.5	0.5
38	243.0	0.5	0.5
38.2	245.0	0.5	0.5
39	247.0	0.5	0.5
Marker Name	D7S820
5	254.0	0.5	0.5
5.2	256.0	0.5	0.5
6	258.0	0.5	0.5
7	262.0	0.5	0.5
8	266.0	0.5	0.5
8.2	268.0	0.5	0.5
9	270.0	0.5	0.5
9.2	272.0	0.5	0.5
10	274.0	0.5	0.5
11	278.0	0.5	0.5
12	282.0	0.5	0.5
13	286.0	0.5	0.5
14	290.0	0.5	0.5
15	294.0	0.5	0.5
16	298.0	0.5	0.5
Marker Name	CSF1PO
5	302.63	0.5	0.5
6	306.63	0.5	0.5
7	310.63	0.5	0.5
8	314.63	0.5	0.5
9	318.63	0.5	0.5
10	322.63	0.5	0.5
10.2	324.63	0.5	0.5
11	326.63	0.5	0.5
12	330.63	0.5	0.5
13	334.63	0.5	0.5
14	338.63	0.5	0.5
15	342.63	0.5	0.5
16	346.63	0.5	0.5
Marker Name	D3S1358
11	110.0	0.5	0.5
12	114.0	0.5	0.5
13	118.0	0.5	0.5
14	122.0	0.5	0.5
15	126.0	0.5	0.5
15.2	128.0	0.5	0.5
16	130.0	0.5	0.5
16.2	132.0	0.5	0.5
17	134.0	0.5	0.5
17.2	136.0	0.5	0.5
18	138.0	0.5	0.5
18.2	140.0	0.5	0.5
19	142.0	0.5	0.5
20	146.0	0.5	0.5
Marker Name	TH01
3	161.0	0.5	0.5
4	165.0	0.5	0.5
5	169.0	0.5	0.5
5.3	172.0	0.5	0.4
6	173.0	0.4	0.5
6.3	176.0	0.5	0.4
7	177.0	0.4	0.5
7.3	180.0	0.5	0.4
8	181.0	0.4	0.5
8.3	184.0	0.5	0.4
9	185.0	0.4	0.5
9.3	188.0	0.5	0.4
10	189.0	0.4	0.5
10.3	192.0	0.5	0.4
11	193.0	0.4	0.5
12	197.0	0.5	0.5
13	201.0	0.5	0.5
13.3	204.0	0.5	0.5
Marker Name	D13S317
7	213.65	0.5	0.5
8	217.65	0.5	0.5
9	221.65	0.5	0.5
10	225.65	0.5	0.5
11	229.65	0.5	0.5
12	233.65	0.5	0.5
13	237.65	0.5	0.5
14	241.65	0.5	0.5
15	245.65	0.5	0.5
16	249.65	0.5	0.5
Marker Name	D16S539
5	257.3	0.5	0.5
6	261.3	0.5	0.5
7	265.3	0.5	0.5
8	269.3	0.5	0.5
9	273.3	0.5	0.5
10	277.3	0.5	0.5
11	281.3	0.5	0.5
12	285.3	0.5	0.5
12.2	287.3	0.5	0.5
13	289.3	0.5	0.5
14	293.3	0.5	0.5
15	297.3	0.5	0.5
16	301.3	0.5	0.5
Marker Name	D2S1338
14	305.31	0.5	0.5
15	309.31	0.5	0.5
16	313.31	0.5	0.5
17	317.31	0.5	0.5
18	319.31	0.5	0.5
19	325.31	0.5	0.5
20	329.31	0.5	0.5
21	333.31	0.5	0.5
22	337.31	0.5	0.5
23	341.31	0.5	0.5
24	345.31	0.5	0.5
25	349.31	0.5	0.5
26	353.31	0.5	0.5
27	357.31	0.5	0.5
28	361.31	0.5	0.5
29	365.31	0.5	0.5
Marker Name	D19S433
9	106.0	0.5	0.5
9.2	108.0	0.5	0.5
10	110.0	0.5	0.5
10.2	112.0	0.5	0.5
11	114.0	0.5	0.5
11.2	116.0	0.5	0.5
12	118.0	0.5	0.5
12.2	120.0	0.5	0.5
13	122.0	0.5	0.5
13.2	124.0	0.5	0.5
14	126.0	0.5	0.5
14.2	128.0	0.5	0.5
15	130.0	0.5	0.5
15.2	132.0	0.5	0.5
16	134.0	0.5	0.5
16.2	136.0	0.5	0.5
17	138.0	0.5	0.5
17.2	140.0	0.5	0.5
18	142.0	0.5	0.5
18.2	144.0	0.5	0.5
Marker Name	vWA
10	153.0	0.5	0.5
11	157.0	0.5	0.5
12	161.0	0.5	0.5
13	165.0	0.5	0.5
14	169.0	0.5	0.5
15	173.0	0.5	0.5
15.2	175.0	0.5	0.5
16	177.0	0.5	0.5
17	181.0	0.5	0.5
18	185.0	0.5	0.5
18.2	187.0	0.5	0.5
19	189.0	0.5	0.5
20	193.0	0.5	0.5
21	197.0	0.5	0.5
22	201.0	0.5	0.5
23	205.0	0.5	0.5
24	209.0	0.5	0.5
25	213.0	0.5	0.5
Marker Name	TPOX
5	220.99	0.5	0.5
6	224.99	0.5	0.5
7	228.99	0.5	0.5
8	232.99	0.5	0.5
9	236.99	0.5	0.5
10	240.99	0.5	0.5
11	244.99	0.5	0.5
12	248.99	0.5	0.5
13	252.99	0.5	0.5
14	256.99	0.5	0.5
Marker Name	D18S51
7	265.0	0.5	0.5
8	269.0	0.5	0.5
9	273.0	0.5	0.5
9.2	275.0	0.5	0.5
10	277.0	0.5	0.5
10.2	279.0	0.5	0.5
11	281.0	0.5	0.5
11.2	283.0	0.5	0.5
12	285.0	0.5	0.5
12.2	287.0	0.5	0.5
13	289.0	0.5	0.5
13.2	291.0	0.5	0.5
14	293.0	0.5	0.5
14.2	295.0	0.5	0.5
15	297.0	0.5	0.5
15.2	299.0	0.5	0.5
16	301.0	0.5	0.5
16.2	303.0	0.5	0.5
17	305.0	0.5	0.5
17.2	307.0	0.5	0.5
18	309.0	0.5	0.5
18.2	311.0	0.5	0.5
19	313.0	0.5	0.5
19.2	315.0	0.5	0.5
20	317.0	0.5	0.5
20.2	319.0	0.5	0.5
21	321.0	0.5	0.5
21.2	323.0	0.5	0.5
22	325.0	0.5	0.5
22.2	327.0	0.5	0.5
23	329.0	0.5	0.5
23.2	331.0	0.5	0.5
24	333.0	0.5	0.5
25	337.0	0.5	0.5
26	341.0	0.5	0.5
27	345.0	0.5	0.5
Marker Name	AMEL
X	107.0	0.5	0.5
Y	113.0	0.5	0.5
Marker Name	D5S818
6	131.0	0.5	0.5
7	135.0	0.5	0.5
8	139.0	0.5	0.5
9	143.0	0.5	0.5
10	147.0	0.5	0.5
11	151.0	0.5	0.5
12	155.0	0.5	0.5
13	159.0	0.5	0.5
14	163.0	0.5	0.5
15	167.0	0.5	0.5
16	171.0	0.5	0.5
17	175.0	0.5	0.5
Marker Name	FGA
16	211.0	0.5	0.5
16.2	213.0	0.5	0.5
17	215.0	0.5	0.5
17.2	217.0	0.5	0.5
18	219.0	0.5	0.5
18.2	221.0	0.5	0.5
19	223.0	0.5	0.5
19.2	225.0	0.5	0.5
20	227.0	0.5	0.5
20.2	229.0	0.5	0.5
21	231.0	0.5	0.5
21.2	233.0	0.5	0.5
22	235.0	0.5	0.5
22.2	237.0	0.5	0.5
23	239.0	0.5	0.5
23.2	241.0	0.5	0.5
24	243.0	0.5	0.5
24.2	245.0	0.5	0.5
25	247.0	0.5	0.5
25.2	249.0	0.5	0.5
26	251.0	0.5	0.5
26.2	253.0	0.5	0.5
27	255.0	0.5	0.5
27.2	257.0	0.5	0.5
28	259.0	0.5	0.5
28.2	261.0	0.5	0.5
29	263.0	0.5	0.5
29.2	265.0	0.5	0.5
30	267.0	0.5	0.5
30.2	269.0	0.5	0.5
31	271.0	0.5	0.5
31.2	273.0	0.5	0.5
32	275.0	0.5	0.5
32.2	277.0	0.5	0.5
33.2	281.0	0.5	0.5
34.2	285.0	0.5	0.5
42.2	317.0	0.5	0.5
43.2	321.0	0.5	0.5
44.2	325.0	0.5	0.5
45.2	329.0	0.5	0.5
46.2	333.0	0.5	0.5
47.2	337.0	0.5	0.5
48.2	341.0	0.5	0.5
49.2	345.0	0.5	0.5
50.2	349.0	0.5	0.5
51.2	353.0	0.5	0.5
Panel Name	SEfiler_v1
Marker Name	D3S1358
11	110.0	0.5	0.5
12	114.0	0.5	0.5
13	118.0	0.5	0.5
14	122.0	0.5	0.5
15	126.0	0.5	0.5
15.2	128.0	0.5	0.5
16	130.0	0.5	0.5
16.2	132.0	0.5	0.5
17	134.0	0.5	0.5
17.2	136.0	0.5	0.5
18	138.0	0.5	0.5
18.2	140.0	0.5	0.5
19	142.0	0.5	0.5
20	146.0	0.5	0.5
Marker Name	vWA
10	153.0	0.5	0.5
11	157.0	0.5	0.5
12	161.0	0.5	0.5
13	165.0	0.5	0.5
14	169.0	0.5	0.5
15	173.0	0.5	0.5
15.2	175.0	0.5	0.5
16	177.0	0.5	0.5
17	181.0	0.5	0.5
18	185.0	0.5	0.5
18.2	187.0	0.5	0.5
19	189.0	0.5	0.5
20	193.0	0.5	0.5
21	197.0	0.5	0.5
22	201.0	0.5	0.5
23	205.0	0.5	0.5
24	209.0	0.5	0.5
25	213.0	0.5	0.5
Marker Name	D16S539
5	234.0	0.5	0.5
6	238.0	0.5	0.5
7	242.0	0.5	0.5
8	246.0	0.5	0.5
9	250.0	0.5	0.5
10	254.0	0.5	0.5
11	258.0	0.5	0.5
12	262.0	0.5	0.5
12.2	264.0	0.5	0.5
13	266.0	0.5	0.5
14	270.0	0.5	0.5
15	274.0	0.5	0.5
16	278.0	0.5	0.5
Marker Name	D2S1338
14	285.0	0.5	0.5
15	289.0	0.5	0.5
16	293.0	0.5	0.5
17	297.0	0.5	0.5
18	301.0	0.5	0.5
19	305.0	0.5	0.5
20	309.0	0.5	0.5
21	313.0	0.5	0.5
22	317.0	0.5	0.5
23	321.0	0.5	0.5
24	325.0	0.5	0.5
25	329.0	0.5	0.5
26	333.0	0.5	0.5
27	337.0	0.5	0.5
28	341.0	0.5	0.5
29	345.0	0.5	0.5
Marker Name	AMEL
X	107.0	0.5	0.5
Y	113.0	0.5	0.5
Marker Name	D8S1179
7	124.0	0.5	0.5
8	128.0	0.5	0.5
9	132.0	0.5	0.5
10	136.0	0.5	0.5
11	140.0	0.5	0.5
12	144.0	0.5	0.5
13	148.0	0.5	0.5
14	152.0	0.5	0.5
15	156.0	0.5	0.5
16	160.0	0.5	0.5
17	164.0	0.5	0.5
18	168.0	0.5	0.5
19	172.0	0.5	0.5
20	176.0	0.5	0.5
Marker Name	SE33
4.2	203.0	0.5	0.5
5	205.0	0.5	0.5
6	209.0	0.5	0.5
6.3	212.0	0.5	0.4
7	213.0	0.4	0.5
8	217.0	0.5	0.5
8.2	219.0	0.5	0.5
9	221.0	0.5	0.5
9.2	223.0	0.5	0.5
10	225.0	0.5	0.5
10.2	227.0	0.5	0.5
11	229.0	0.5	0.5
11.2	231.0	0.5	0.5
12	233.0	0.5	0.5
12.2	235.0	0.5	0.5
13	237.0	0.5	0.5
13.2	239.0	0.5	0.5
14	241.0	0.5	0.5
14.2	243.0	0.5	0.5
15	245.0	0.5	0.5
15.2	247.0	0.5	0.5
16	249.0	0.5	0.5
16.2	251.0	0.5	0.5
17	253.0	0.5	0.5
17.2	255.0	0.5	0.5
18	257.0	0.5	0.5
18.2	259.0	0.5	0.5
19	261.0	0.5	0.5
19.2	263.0	0.5	0.5
20	265.0	0.5	0.5
20.2	267.0	0.5	0.5
21	269.0	0.5	0.4
21.1	270.0	0.4	0.4
21.2	271.0	0.4	0.5
22	273.0	0.5	0.5
22.2	275.0	0.5	0.5
23	277.0	0.5	0.5
23.2	279.0	0.5	0.5
24	281.0	0.5	0.5
24.2	283.0	0.5	0.5
25	285.0	0.5	0.5
25.2	287.0	0.5	0.5
26	289.0	0.5	0.5
26.2	291.0	0.5	0.5
27	293.0	0.5	0.5
27.2	295.0	0.5	0.5
28	297.0	0.5	0.5
28.2	299.0	0.5	0.5
29	301.0	0.5	0.5
29.2	303.0	0.5	0.5
30	305.0	0.5	0.5
30.2	307.0	0.5	0.5
31	309.0	0.5	0.5
31.2	311.0	0.5	0.5
32	313.0	0.5	0.5
32.2	315.0	0.5	0.5
33	317.0	0.5	0.5
33.2	319.0	0.5	0.5
34	321.0	0.5	0.5
34.2	323.0	0.5	0.5
35	325.0	0.5	0.5
35.2	327.0	0.5	0.5
36	329.0	0.5	0.5
36.2	331.0	0.5	0.5
37	333.0	0.5	0.5
37.2	335.0	0.5	0.5
38	337.0	0.5	0.5
Marker Name	D19S433
9	106.0	0.5	0.5
9.2	108.0	0.5	0.5
10	110.0	0.5	0.5
10.2	112.0	0.5	0.5
11	114.0	0.5	0.5
11.2	116.0	0.5	0.5
12	118.0	0.5	0.5
12.2	120.0	0.5	0.5
13	122.0	0.5	0.5
13.2	124.0	0.5	0.5
14	126.0	0.5	0.5
14.2	128.0	0.5	0.5
15	130.0	0.5	0.5
15.2	132.0	0.5	0.5
16	134.0	0.5	0.5
16.2	136.0	0.5	0.5
17	138.0	0.5	0.5
17.2	140.0	0.5	0.5
18	142.0	0.5	0.5
18.2	144.0	0.5	0.5
Marker Name	TH01
3	161.0	0.5	0.5
4	165.0	0.5	0.5
5	169.0	0.5	0.5
5.3	172.0	0.5	0.4
6	173.0	0.4	0.5
6.3	176.0	0.5	0.4
7	177.0	0.4	0.5
7.3	180.0	0.5	0.4
8	181.0	0.4	0.5
8.3	184.0	0.5	0.4
9	185.0	0.4	0.5
9.3	188.0	0.5	0.4
10	189.0	0.4	0.5
10.3	192.0	0.5	0.4
11	193.0	0.4	0.5
12	197.0	0.5	0.5
13	201.0	0.5	0.5
13.3	204.0	0.5	0.5
Marker Name	FGA
16	211.0	0.5	0.5
16.2	213.0	0.5	0.5
17	215.0	0.5	0.5
17.2	217.0	0.5	0.5
18	219.0	0.5	0.5
18.2	221.0	0.5	0.5
19	223.0	0.5	0.5
19.2	225.0	0.5	0.5
20	227.0	0.5	0.5
20.2	229.0	0.5	0.5
21	231.0	0.5	0.5
21.2	233.0	0.5	0.5
22	235.0	0.5	0.5
22.2	237.0	0.5	0.5
23	239.0	0.5	0.5
23.2	241.0	0.5	0.5
24	243.0	0.5	0.5
24.2	245.0	0.5	0.5
25	247.0	0.5	0.5
25.2	249.0	0.5	0.5
26	251.0	0.5	0.5
26.2	253.0	0.5	0.5
27	255.0	0.5	0.5
27.2	257.0	0.5	0.5
28	259.0	0.5	0.5
28.2	261.0	0.5	0.5
29	263.0	0.5	0.5
29.2	265.0	0.5	0.5
30	267.0	0.5	0.5
30.2	269.0	0.5	0.5
31	271.0	0.5	0.5
31.2	273.0	0.5	0.5
32	275.0	0.5	0.5
32.2	277.0	0.5	0.5
33.2	281.0	0.5	0.5
34.2	285.0	0.5	0.5
42.2	317.0	0.5	0.5
43.2	321.0	0.5	0.5
44.2	325.0	0.5	0.5
45.2	329.0	0.5	0.5
46.2	333.0	0.5	0.5
47.2	337.0	0.5	0.5
48.2	341.0	0.5	0.5
49.2	345.0	0.5	0.5
50.2	349.0	0.5	0.5
51.2	353.0	0.5	0.5
Marker Name	D21S11
23.2	185.0	0.5	0.5
24	187.0	0.5	0.5
24.2	189.0	0.5	0.5
25	191.0	0.5	0.5
25.2	193.0	0.5	0.5
26	195.0	0.5	0.5
26.2	197.0	0.5	0.5
27	199.0	0.5	0.5
27.2	201.0	0.5	0.5
28	203.0	0.5	0.5
28.2	205.0	0.5	0.5
29	207.0	0.5	0.5
29.2	209.0	0.5	0.5
30	211.0	0.5	0.5
30.2	213.0	0.5	0.5
31	215.0	0.5	0.5
31.2	217.0	0.5	0.5
32	219.0	0.5	0.5
32.2	221.0	0.5	0.5
33	223.0	0.5	0.5
33.2	225.0	0.5	0.5
34	227.0	0.5	0.5
34.2	229.0	0.5	0.5
35	231.0	0.5	0.5
35.2	233.0	0.5	0.5
36	235.0	0.5	0.5
36.2	237.0	0.5	0.5
37	239.0	0.5	0.5
37.2	241.0	0.5	0.5
38	243.0	0.5	0.5
38.2	245.0	0.5	0.5
39	247.0	0.5	0.5
Marker Name	D18S51
7	265.0	0.5	0.5
8	269.0	0.5	0.5
9	273.0	0.5	0.5
9.2	275.0	0.5	0.5
10	277.0	0.5	0.5
10.2	279.0	0.5	0.5
11	281.0	0.5	0.5
11.2	283.0	0.5	0.5
12	285.0	0.5	0.5
12.2	287.0	0.5	0.5
13	289.0	0.5	0.5
13.2	291.0	0.5	0.5
14	293.0	0.5	0.5
14.2	295.0	0.5	0.5
15	297.0	0.5	0.5
15.2	299.0	0.5	0.5
16	301.0	0.5	0.5
16.2	303.0	0.5	0.5
17	305.0	0.5	0.5
17.2	307.0	0.5	0.5
18	309.0	0.5	0.5
18.2	311.0	0.5	0.5
19	313.0	0.5	0.5
19.2	315.0	0.5	0.5
20	317.0	0.5	0.5
20.2	319.0	0.5	0.5
21	321.0	0.5	0.5
21.2	323.0	0.5	0.5
22	325.0	0.5	0.5
22.2	327.0	0.5	0.5
23	329.0	0.5	0.5
23.2	331.0	0.5	0.5
24	333.0	0.5	0.5
25	337.0	0.5	0.5
26	341.0	0.5	0.5
27	345.0	0.5	0.5
Panel Name	Profiler_Plus_CODIS_v1
Marker Name	D3S1358
<12	113.49	15.49	0.0
12	114.0	0.5	0.5
13	118.0	0.5	0.5
14	122.0	0.5	0.5
15	126.0	0.5	0.5
15.2	128.0	0.5	0.5
16	130.0	0.5	0.5
16.2	132.0	0.5	0.5
17	134.0	0.5	0.5
17.2	136.0	0.5	0.5
18	138.0	0.5	0.5
18.2	140.0	0.5	0.5
19	142.0	0.5	0.5
>19	142.51	0.0	5.49
Marker Name	vWA
<11	156.49	5.49	0.0
11	157.0	0.5	0.5
12	161.0	0.5	0.5
13	165.0	0.5	0.5
14	169.0	0.5	0.5
15	173.0	0.5	0.5
15.2	175.0	0.5	0.5
16	177.0	0.5	0.5
17	181.0	0.5	0.5
18	185.0	0.5	0.5
18.2	187.0	0.5	0.5
19	189.0	0.5	0.5
20	193.0	0.5	0.5
21	197.0	0.5	0.5
>21	197.51	0.0	5.49
Marker Name	FGA
<18	218.49	12.24	0.0
18	219.0	0.5	0.5
18.2	221.0	0.5	0.5
19	223.0	0.5	0.5
19.2	225.0	0.5	0.5
20	227.0	0.5	0.5
20.2	229.0	0.5	0.5
21	231.0	0.5	0.5
21.2	233.0	0.5	0.5
22	235.0	0.5	0.5
22.2	237.0	0.5	0.5
23	239.0	0.5	0.5
23.2	241.0	0.5	0.5
24	243.0	0.5	0.5
24.2	245.0	0.5	0.5
25	247.0	0.5	0.5
25.2	249.0	0.5	0.5
26	251.0	0.5	0.5
26.2	253.0	0.5	0.5
27	255.0	0.5	0.5
27.2	257.0	0.5	0.5
28	259.0	0.5	0.5
28.2	261.0	0.5	0.5
29	263.0	0.5	0.5
29.2	265.0	0.5	0.5
30	267.0	0.5	0.5
>30	267.51	0.0	92.49
Marker Name	AMEL
X	107.0	0.5	0.5
Y	113.0	0.5	0.5
Marker Name	D8S1179
<8	127.49	9.49	0.0
8	128.0	0.5	0.5
9	132.0	0.5	0.5
10	136.0	0.5	0.5
11	140.0	0.5	0.5
12	144.0	0.5	0.5
13	148.0	0.5	0.5
14	152.0	0.5	0.5
15	156.0	0.5	0.5
16	160.0	0.5	0.5
17	164.0	0.5	0.5
18	168.0	0.5	0.5
19	172.0	0.5	0.5
>19	172.51	0.0	10.99
Marker Name	D21S11
<24.2	188.49	3.99	0.0
24.2	189.0	0.5	0.5
25	191.0	0.5	0.5
25.2	193.0	0.5	0.5
26	195.0	0.5	0.5
26.2	197.0	0.5	0.5
27	199.0	0.5	0.5
27.2	201.0	0.5	0.5
28	203.0	0.5	0.5
28.2	205.0	0.5	0.5
29	207.0	0.5	0.5
29.2	209.0	0.5	0.5
30	211.0	0.5	0.5
30.2	213.0	0.5	0.5
31	215.0	0.5	0.5
31.2	217.0	0.5	0.5
32	219.0	0.5	0.5
32.2	221.0	0.5	0.5
33	223.0	0.5	0.5
33.2	225.0	0.5	0.5
34	227.0	0.5	0.5
34.2	229.0	0.5	0.5
35	231.0	0.5	0.5
35.2	233.0	0.5	0.5
36	235.0	0.5	0.5
36.2	237.0	0.5	0.5
37	239.0	0.5	0.5
37.2	241.0	0.5	0.5
38	243.0	0.5	0.5
>38	243.51	0.0	3.99
Marker Name	D18S51
<9	272.49	8.0	0.0
9	273.0	0.5	0.5
9.2	275.0	0.5	0.5
10	277.0	0.5	0.5
10.2	279.0	0.5	0.5
11	281.0	0.5	0.5
11.2	283.0	0.5	0.5
12	285.0	0.5	0.5
12.2	287.0	0.5	0.5
13	289.0	0.5	0.5
13.2	291.0	0.5	0.5
14	293.0	0.5	0.5
14.2	295.0	0.5	0.5
15	297.0	0.5	0.5
15.2	299.0	0.5	0.5
16	301.0	0.5	0.5
16.2	303.0	0.5	0.5
17	305.0	0.5	0.5
17.2	307.0	0.5	0.5
18	309.0	0.5	0.5
18.2	311.0	0.5	0.5
19	313.0	0.5	0.5
19.2	315.0	0.5	0.5
20	317.0	0.5	0.5
20.2	319.0	0.5	0.5
21	321.0	0.5	0.5
21.2	323.0	0.5	0.5
22	325.0	0.5	0.5
22.2	327.0	0.5	0.5
23	329.0	0.5	0.5
23.2	331.0	0.5	0.5
24	333.0	0.5	0.5
25	337.0	0.5	0.5
26	341.0	0.5	0.5
>26	341.51	0.0	8.49
Marker Name	D5S818
<7	134.49	6.49	0.0
7	135.0	0.5	0.5
8	139.0	0.5	0.5
9	143.0	0.5	0.5
10	147.0	0.5	0.5
11	151.0	0.5	0.5
12	155.0	0.5	0.5
13	159.0	0.5	0.5
14	163.0	0.5	0.5
15	167.0	0.5	0.5
16	171.0	0.5	0.5
>16	171.51	0.0	8.49
Marker Name	D13S317
<8	205.49	13.49	0.0
8	206.0	0.5	0.5
9	210.0	0.5	0.5
10	214.0	0.5	0.5
11	218.0	0.5	0.5
12	222.0	0.5	0.5
13	226.0	0.5	0.5
14	230.0	0.5	0.5
15	234.0	0.5	0.5
>15	234.51	0.0	7.49
Marker Name	D7S820
<6	257.49	6.49	0.0
6	258.0	0.5	0.5
7	262.0	0.5	0.5
8	266.0	0.5	0.5
8.2	268.0	0.5	0.5
9	270.0	0.5	0.5
9.2	272.0	0.5	0.5
10	274.0	0.5	0.5
11	278.0	0.5	0.5
12	282.0	0.5	0.5
13	286.0	0.5	0.5
14	290.0	0.5	0.5
15	294.0	0.5	0.5
>15	294.51	0.0	3.99
Panel Name	COfiler_CODIS_v1
Marker Name	D3S1358
<12	113.49	15.49	0.0
12	114.0	0.5	0.5
13	118.0	0.5	0.5
14	122.0	0.5	0.5
15	126.0	0.5	0.5
15.2	128.0	0.5	0.5
16	130.0	0.5	0.5
16.2	132.0	0.5	0.5
17	134.0	0.5	0.5
17.2	136.0	0.5	0.5
18	138.0	0.5	0.5
18.2	140.0	0.5	0.5
19	142.0	0.5	0.5
>19	142.51	0.0	5.49
Marker Name	D16S539
<5	233.49	4.49	0.0
5	234.0	0.5	0.5
6	238.0	0.5	0.5
7	242.0	0.5	0.5
8	246.0	0.5	0.5
9	250.0	0.5	0.5
10	254.0	0.5	0.5
11	258.0	0.5	0.5
12	262.0	0.5	0.5
12.2	264.0	0.5	0.5
13	266.0	0.5	0.5
14	270.0	0.5	0.5
15	274.0	0.5	0.5
>15	274.51	0.0	4.49
Marker Name	AMEL
X	107.0	0.5	0.5
Y	113.0	0.5	0.5
Marker Name	TH01
<5	168.49	9.49	0.0
5	169.0	0.5	0.5
5.3	172.0	0.5	0.4
6	173.0	0.4	0.5
6.3	176.0	0.5	0.4
7	177.0	0.4	0.5
7.3	180.0	0.5	0.4
8	181.0	0.4	0.5
8.3	184.0	0.5	0.4
9	185.0	0.4	0.5
9.3	188.0	0.5	0.4
10	189.0	0.4	0.5
>10	189.51	0.0	15.49
Marker Name	TPOX
<6	217.49	5.49	0.0
6	218.0	0.5	0.5
7	222.0	0.5	0.5
8	226.0	0.5	0.5
9	230.0	0.5	0.5
10	234.0	0.5	0.5
11	238.0	0.5	0.5
12	242.0	0.5	0.5
13	246.0	0.5	0.5
>13	246.51	0.0	7.49
Marker Name	CSF1PO
<6	280.49	5.49	0.0
6	281.0	0.5	0.5
7	285.0	0.5	0.5
8	289.0	0.5	0.5
9	293.0	0.5	0.5
10	297.0	0.5	0.5
10.2	299.0	0.5	0.5
11	301.0	0.5	0.5
12	305.0	0.5	0.5
13	309.0	0.5	0.5
14	313.0	0.5	0.5
15	317.0	0.5	0.5
>15	317.51	0.0	5.49
Marker Name	D7S820
<6	257.49	6.49	0.0
6	258.0	0.5	0.5
7	262.0	0.5	0.5
8	266.0	0.5	0.5
8.2	268.0	0.5	0.5
9	270.0	0.5	0.5
9.2	272.0	0.5	0.5
10	274.0	0.5	0.5
11	278.0	0.5	0.5
12	282.0	0.5	0.5
13	286.0	0.5	0.5
14	290.0	0.5	0.5
15	294.0	0.5	0.5
>15	294.51	0.0	3.99
Panel Name	Identifiler_CODIS_v1
Marker Name	D8S1179
<8	127.49	9.49	0.0
8	128.0	0.5	0.5
9	132.0	0.5	0.5
10	136.0	0.5	0.5
11	140.0	0.5	0.5
12	144.0	0.5	0.5
13	148.0	0.5	0.5
14	152.0	0.5	0.5
15	156.0	0.5	0.5
16	160.0	0.5	0.5
17	164.0	0.5	0.5
18	168.0	0.5	0.5
19	172.0	0.5	0.5
>19	172.51	0.0	10.99
Marker Name	D21S11
<24.2	188.49	3.99	0.0
24.2	189.0	0.5	0.5
25	191.0	0.5	0.5
25.2	193.0	0.5	0.5
26	195.0	0.5	0.5
26.2	197.0	0.5	0.5
27	199.0	0.5	0.5
27.2	201.0	0.5	0.5
28	203.0	0.5	0.5
28.2	205.0	0.5	0.5
29	207.0	0.5	0.5
29.2	209.0	0.5	0.5
30	211.0	0.5	0.5
30.2	213.0	0.5	0.5
31	215.0	0.5	0.5
31.2	217.0	0.5	0.5
32	219.0	0.5	0.5
32.2	221.0	0.5	0.5
33	223.0	0.5	0.5
33.2	225.0	0.5	0.5
34	227.0	0.5	0.5
34.2	229.0	0.5	0.5
35	231.0	0.5	0.5
35.2	233.0	0.5	0.5
36	235.0	0.5	0.5
36.2	237.0	0.5	0.5
37	239.0	0.5	0.5
37.2	241.0	0.5	0.5
38	243.0	0.5	0.5
>38	243.51	0.0	3.99
Marker Name	D7S820
<6	257.49	6.49	0.0
6	258.0	0.5	0.5
7	262.0	0.5	0.5
8	266.0	0.5	0.5
8.2	268.0	0.5	0.5
9	270.0	0.5	0.5
9.2	272.0	0.5	0.5
10	274.0	0.5	0.5
11	278.0	0.5	0.5
12	282.0	0.5	0.5
13	286.0	0.5	0.5
14	290.0	0.5	0.5
15	294.0	0.5	0.5
>15	294.51	0.0	3.99
Marker Name	CSF1PO
<6	306.12	4.0	0.0
6	306.63	0.5	0.5
7	310.63	0.5	0.5
8	314.63	0.5	0.5
9	318.63	0.5	0.5
10	322.63	0.5	0.5
10.2	324.63	0.5	0.5
11	326.63	0.5	0.5
12	330.63	0.5	0.5
13	334.63	0.5	0.5
14	338.63	0.5	0.5
15	342.63	0.5	0.5
>15	343.14	0.0	5.49
Marker Name	D3S1358
<12	113.49	15.49	0.0
12	114.0	0.5	0.5
13	118.0	0.5	0.5
14	122.0	0.5	0.5
15	126.0	0.5	0.5
15.2	128.0	0.5	0.5
16	130.0	0.5	0.5
16.2	132.0	0.5	0.5
17	134.0	0.5	0.5
17.2	136.0	0.5	0.5
18	138.0	0.5	0.5
18.2	140.0	0.5	0.5
19	142.0	0.5	0.5
>19	142.51	0.0	5.49
Marker Name	TH01
<4	164.49	5.49	0.0
4	165.0	0.5	0.5
5	169.0	0.5	0.5
5.3	172.0	0.5	0.4
6	173.0	0.4	0.5
6.3	176.0	0.5	0.4
7	177.0	0.4	0.5
7.3	180.0	0.5	0.4
8	181.0	0.4	0.5
8.3	184.0	0.5	0.4
9	185.0	0.4	0.5
9.3	188.0	0.5	0.4
10	189.0	0.4	0.5
10.3	192.0	0.5	0.4
11	193.0	0.4	0.5
12	197.0	0.5	0.5
13	201.0	0.5	0.5
13.3	204.0	0.5	0.5
>13.3	204.51	0.0	0.49
Marker Name	D13S317
<8	217.14	11.48	0.0
8	217.65	0.5	0.5
9	221.65	0.5	0.5
10	225.65	0.5	0.5
11	229.65	0.5	0.5
12	233.65	0.5	0.5
13	237.65	0.5	0.5
14	241.65	0.5	0.5
15	245.65	0.5	0.5
>15	246.16	0.0	4.0
Marker Name	D16S539
<5	256.79	1.49	0.0
5	257.3	0.5	0.5
6	261.3	0.5	0.5
7	265.3	0.5	0.5
8	269.3	0.5	0.5
9	273.3	0.5	0.5
10	277.3	0.5	0.5
11	281.3	0.5	0.5
12	285.3	0.5	0.5
12.2	287.3	0.5	0.5
13	289.3	0.5	0.5
14	293.3	0.5	0.5
15	297.3	0.5	0.5
>15	297.81	0.0	4.0
Marker Name	D2S1338
<15	308.8	4.0	0.0
15	309.31	0.5	0.5
16	313.31	0.5	0.5
17	317.31	0.5	0.5
18	319.31	0.5	0.5
19	325.31	0.5	0.5
20	329.31	0.5	0.5
21	333.31	0.5	0.5
22	337.31	0.5	0.5
23	341.31	0.5	0.5
24	345.31	0.5	0.5
25	349.31	0.5	0.5
26	353.31	0.5	0.5
27	357.31	0.5	0.5
28	361.31	0.5	0.5
>28	361.82	0.0	8.49
Marker Name	D19S433
<9	105.49	4.48	0.0
9	106.0	0.5	0.5
9.2	108.0	0.5	0.5
10	110.0	0.5	0.5
10.2	112.0	0.5	0.5
11	114.0	0.5	0.5
11.2	116.0	0.5	0.5
12	118.0	0.5	0.5
12.2	120.0	0.5	0.5
13	122.0	0.5	0.5
13.2	124.0	0.5	0.5
14	126.0	0.5	0.5
14.2	128.0	0.5	0.5
15	130.0	0.5	0.5
15.2	132.0	0.5	0.5
16	134.0	0.5	0.5
16.2	136.0	0.5	0.5
17	138.0	0.5	0.5
17.2	140.0	0.5	0.5
>17.2	140.51	0.0	7.49
Marker Name	vWA
<11	156.49	5.49	0.0
11	157.0	0.5	0.5
12	161.0	0.5	0.5
13	165.0	0.5	0.5
14	169.0	0.5	0.5
15	173.0	0.5	0.5
15.2	175.0	0.5	0.5
16	177.0	0.5	0.5
17	181.0	0.5	0.5
18	185.0	0.5	0.5
18.2	187.0	0.5	0.5
19	189.0	0.5	0.5
20	193.0	0.5	0.5
21	197.0	0.5	0.5
>21	197.51	0.0	15.99
Marker Name	TPOX
<6	224.48	7.48	0.0
6	224.99	0.5	0.5
7	228.99	0.5	0.5
8	232.99	0.5	0.5
9	236.99	0.5	0.5
10	240.99	0.5	0.5
11	244.99	0.5	0.5
12	248.99	0.5	0.5
13	252.99	0.5	0.5
>13	253.5	0.0	7.49
Marker Name	D18S51
<7	264.49	0.0	0.0
7	265.0	0.5	0.5
8	269.0	0.5	0.5
9	273.0	0.5	0.5
9.2	275.0	0.5	0.5
10	277.0	0.5	0.5
10.2	279.0	0.5	0.5
11	281.0	0.5	0.5
12	285.0	0.5	0.5
12.2	287.0	0.5	0.5
13	289.0	0.5	0.5
13.2	291.0	0.5	0.5
14	293.0	0.5	0.5
14.2	295.0	0.5	0.5
15	297.0	0.5	0.5
15.2	299.0	0.5	0.5
16	301.0	0.5	0.5
16.2	303.0	0.5	0.5
17	305.0	0.5	0.5
17.2	307.0	0.5	0.5
18	309.0	0.5	0.5
18.2	311.0	0.5	0.5
19	313.0	0.5	0.5
19.2	315.0	0.5	0.5
20	317.0	0.5	0.5
20.2	319.0	0.5	0.5
21	321.0	0.5	0.5
21.2	323.0	0.5	0.5
22	325.0	0.5	0.5
23	329.0	0.5	0.5
24	333.0	0.5	0.5
25	337.0	0.5	0.5
26	341.0	0.5	0.5
>26	341.51	0.0	8.49
Marker Name	AMEL
X	107.0	0.5	0.5
Y	113.0	0.5	0.5
Marker Name	D5S818
<7	134.49	6.49	0.0
7	135.0	0.5	0.5
8	139.0	0.5	0.5
9	143.0	0.5	0.5
10	147.0	0.5	0.5
11	151.0	0.5	0.5
12	155.0	0.5	0.5
13	159.0	0.5	0.5
14	163.0	0.5	0.5
15	167.0	0.5	0.5
16	171.0	0.5	0.5
>16	171.51	0.0	8.49
Marker Name	FGA
<18	218.49	12.24	0.0
18	219.0	0.5	0.5
18.2	221.0	0.5	0.5
19	223.0	0.5	0.5
19.2	225.0	0.5	0.5
20	227.0	0.5	0.5
20.2	229.0	0.5	0.5
21	231.0	0.5	0.5
21.2	233.0	0.5	0.5
22	235.0	0.5	0.5
22.2	237.0	0.5	0.5
23	239.0	0.5	0.5
23.2	241.0	0.5	0.5
24	243.0	0.5	0.5
24.2	245.0	0.5	0.5
25	247.0	0.5	0.5
25.2	249.0	0.5	0.5
26	251.0	0.5	0.5
26.2	253.0	0.5	0.5
27	255.0	0.5	0.5
27.2	257.0	0.5	0.5
28	259.0	0.5	0.5
28.2	261.0	0.5	0.5
29	263.0	0.5	0.5
29.2	265.0	0.5	0.5
30	267.0	0.5	0.5
>30	267.51	0.0	92.49
Panel Name	Identifiler_v1-dup
Marker Name	D8S1179
7	124.0	0.5	0.5
8	128.0	0.5	0.5
9	132.0	0.5	0.5
10	136.0	0.5	0.5
11	140.0	0.5	0.5
12	144.0	0.5	0.5
13	148.0	0.5	0.5
14	152.0	0.5	0.5
15	156.0	0.5	0.5
16	160.0	0.5	0.5
17	164.0	0.5	0.5
18	168.0	0.5	0.5
19	172.0	0.5	0.5
20	176.0	0.5	0.5
Marker Name	D21S11
23.2	185.0	0.5	0.5
24	187.0	0.5	0.5
24.2	189.0	0.5	0.5
25	191.0	0.5	0.5
25.2	193.0	0.5	0.5
26	195.0	0.5	0.5
26.2	197.0	0.5	0.5
27	199.0	0.5	0.5
27.2	201.0	0.5	0.5
28	203.0	0.5	0.5
28.2	205.0	0.5	0.5
29	207.0	0.5	0.5
29.2	209.0	0.5	0.5
30	211.0	0.5	0.5
30.2	213.0	0.5	0.5
31	215.0	0.5	0.5
31.2	217.0	0.5	0.5
32	219.0	0.5	0.5
32.2	221.0	0.5	0.5
33	223.0	0.5	0.5
33.2	225.0	0.5	0.5
34	227.0	0.5	0.5
34.2	229.0	0.5	0.5
35	231.0	0.5	0.5
35.2	233.0	0.5	0.5
36	235.0	0.5	0.5
36.2	237.0	0.5	0.5
37	239.0	0.5	0.5
37.2	241.0	0.5	0.5
38	243.0	0.5	0.5
38.2	245.0	0.5	0.5
39	247.0	0.5	0.5
Marker Name	D7S820
5	254.0	0.5	0.5
5.2	256.0	0.5	0.5
6	258.0	0.5	0.5
7	262.0	0.5	0.5
8	266.0	0.5	0.5
8.2	268.0	0.5	0.5
9	270.0	0.5	0.5
9.2	272.0	0.5	0.5
10	274.0	0.5	0.5
11	278.0	0.5	0.5
12	282.0	0.5	0.5
13	286.0	0.5	0.5
14	290.0	0.5	0.5
15	294.0	0.5	0.5
16	298.0	0.5	0.5
Marker Name	CSF1PO
15	342.63	0.5	0.5
16	346.63	0.5	0.5
5	302.63	0.5	0.5
6	306.63	0.5	0.5
7	310.63	0.5	0.5
8	314.63	0.5	0.5
9	318.63	0.5	0.5
10	322.63	0.5	0.5
10.2	324.63	0.5	0.5
11	326.63	0.5	0.5
12	330.63	0.5	0.5
13	334.63	0.5	0.5
14	338.63	0.5	0.5
Marker Name	D3S1358
11	110.0	0.5	0.5
12	114.0	0.5	0.5
13	118.0	0.5	0.5
14	122.0	0.5	0.5
15	126.0	0.5	0.5
15.2	128.0	0.5	0.5
16	130.0	0.5	0.5
16.2	132.0	0.5	0.5
17	134.0	0.5	0.5
17.2	136.0	0.5	0.5
18	138.0	0.5	0.5
18.2	140.0	0.5	0.5
19	142.0	0.5	0.5
20	146.0	0.5	0.5
Marker Name	TH01
3	161.0	0.5	0.5
4	165.0	0.5	0.5
5	169.0	0.5	0.5
5.3	172.0	0.5	0.4
6	173.0	0.4	0.5
6.3	176.0	0.5	0.4
7	177.0	0.4	0.5
7.3	180.0	0.5	0.4
8	181.0	0.4	0.5
8.3	184.0	0.5	0.4
9	185.0	0.4	0.5
9.3	188.0	0.5	0.4
10	189.0	0.4	0.5
10.3	192.0	0.5	0.4
11	193.0	0.4	0.5
12	197.0	0.5	0.5
13	201.0	0.5	0.5
13.3	204.0	0.5	0.5
Marker Name	D13S317
7	213.65	0.5	0.5
8	217.65	0.5	0.5
9	221.65	0.5	0.5
10	225.65	0.5	0.5
11	229.65	0.5	0.5
12	233.65	0.5	0.5
13	237.65	0.5	0.5
14	241.65	0.5	0.5
15	245.65	0.5	0.5
16	249.65	0.5	0.5
Marker Name	D16S539
5	257.3	0.5	0.5
6	261.3	0.5	0.5
7	265.3	0.5	0.5
8	269.3	0.5	0.5
9	273.3	0.5	0.5
10	277.3	0.5	0.5
11	281.3	0.5	0.5
12	285.3	0.5	0.5
12.2	287.3	0.5	0.5
13	289.3	0.5	0.5
14	293.3	0.5	0.5
15	297.3	0.5	0.5
16	301.3	0.5	0.5
Marker Name	D2S1338
14	305.31	0.5	0.5
15	309.31	0.5	0.5
16	313.31	0.5	0.5
17	317.31	0.5	0.5
18	319.31	0.5	0.5
19	325.31	0.5	0.5
20	329.31	0.5	0.5
21	333.31	0.5	0.5
22	337.31	0.5	0.5
23	341.31	0.5	0.5
24	345.31	0.5	0.5
25	349.31	0.5	0.5
26	353.31	0.5	0.5
27	357.31	0.5	0.5
28	361.31	0.5	0.5
29	365.31	0.5	0.5
Marker Name	D19S433
9	106.0	0.5	0.5
9.2	108.0	0.5	0.5
10	110.0	0.5	0.5
10.2	112.0	0.5	0.5
11	114.0	0.5	0.5
11.2	116.0	0.5	0.5
12	118.0	0.5	0.5
12.2	120.0	0.5	0.5
13	122.0	0.5	0.5
13.2	124.0	0.5	0.5
14	126.0	0.5	0.5
14.2	128.0	0.5	0.5
15	130.0	0.5	0.5
15.2	132.0	0.5	0.5
16	134.0	0.5	0.5
16.2	136.0	0.5	0.5
17	138.0	0.5	0.5
17.2	140.0	0.5	0.5
18	142.0	0.5	0.5
18.2	144.0	0.5	0.5
Marker Name	vWA
22	201.0	0.5	0.5
23	205.0	0.5	0.5
24	209.0	0.5	0.5
25	213.0	0.5	0.5
10	153.0	0.5	0.5
11	157.0	0.5	0.5
12	161.0	0.5	0.5
13	165.0	0.5	0.5
14	169.0	0.5	0.5
15	173.0	0.5	0.5
15.2	175.0	0.5	0.5
16	177.0	0.5	0.5
17	181.0	0.5	0.5
18	185.0	0.5	0.5
18.2	187.0	0.5	0.5
19	189.0	0.5	0.5
20	193.0	0.5	0.5
21	197.0	0.5	0.5
Marker Name	TPOX
5	220.99	0.5	0.5
6	224.99	0.5	0.5
7	228.99	0.5	0.5
8	232.99	0.5	0.5
9	236.99	0.5	0.5
10	240.99	0.5	0.5
11	244.99	0.5	0.5
12	248.99	0.5	0.5
13	252.99	0.5	0.5
14	256.99	0.5	0.5
Marker Name	D18S51
7	265.0	0.5	0.5
8	269.0	0.5	0.5
9	273.0	0.5	0.5
9.2	275.0	0.5	0.5
10	277.0	0.5	0.5
10.2	279.0	0.5	0.5
11	281.0	0.5	0.5
11.2	283.0	0.5	0.5
12	285.0	0.5	0.5
12.2	287.0	0.5	0.5
13	289.0	0.5	0.5
13.2	291.0	0.5	0.5
14	293.0	0.5	0.5
14.2	295.0	0.5	0.5
15	297.0	0.5	0.5
15.2	299.0	0.5	0.5
16	301.0	0.5	0.5
16.2	303.0	0.5	0.5
17	305.0	0.5	0.5
17.2	307.0	0.5	0.5
18	309.0	0.5	0.5
18.2	311.0	0.5	0.5
19	313.0	0.5	0.5
19.2	315.0	0.5	0.5
20	317.0	0.5	0.5
20.2	319.0	0.5	0.5
21	321.0	0.5	0.5
21.2	323.0	0.5	0.5
22	325.0	0.5	0.5
22.2	327.0	0.5	0.5
23	329.0	0.5	0.5
23.2	331.0	0.5	0.5
24	333.0	0.5	0.5
25	337.0	0.5	0.5
26	341.0	0.5	0.5
27	345.0	0.5	0.5
Marker Name	AMEL
X	107.0	0.5	0.5
Y	113.0	0.5	0.5
Marker Name	D5S818
6	131.0	0.5	0.5
7	135.0	0.5	0.5
8	139.0	0.5	0.5
9	143.0	0.5	0.5
10	147.0	0.5	0.5
11	151.0	0.5	0.5
12	155.0	0.5	0.5
13	159.0	0.5	0.5
14	163.0	0.5	0.5
15	167.0	0.5	0.5
16	171.0	0.5	0.5
17	175.0	0.5	0.5
Marker Name	FGA
49.2	345.0	0.5	0.5
50.2	349.0	0.5	0.5
51.2	353.0	0.5	0.5
16	211.0	0.5	0.5
16.2	213.0	0.5	0.5
17	215.0	0.5	0.5
17.2	217.0	0.5	0.5
18	219.0	0.5	0.5
18.2	221.0	0.5	0.5
19	223.0	0.5	0.5
19.2	225.0	0.5	0.5
20	227.0	0.5	0.5
20.2	229.0	0.5	0.5
21	231.0	0.5	0.5
21.2	233.0	0.5	0.5
22	235.0	0.5	0.5
22.2	237.0	0.5	0.5
23	239.0	0.5	0.5
23.2	241.0	0.5	0.5
24	243.0	0.5	0.5
24.2	245.0	0.5	0.5
25	247.0	0.5	0.5
25.2	249.0	0.5	0.5
26	251.0	0.5	0.5
26.2	253.0	0.5	0.5
27	255.0	0.5	0.5
27.2	257.0	0.5	0.5
28	259.0	0.5	0.5
28.2	261.0	0.5	0.5
29	263.0	0.5	0.5
29.2	265.0	0.5	0.5
30	267.0	0.5	0.5
30.2	269.0	0.5	0.5
31	271.0	0.5	0.5
31.2	273.0	0.5	0.5
32	275.0	0.5	0.5
32.2	277.0	0.5	0.5
33.2	281.0	0.5	0.5
34.2	285.0	0.5	0.5
42.2	317.0	0.5	0.5
43.2	321.0	0.5	0.5
44.2	325.0	0.5	0.5
45.2	329.0	0.5	0.5
46.2	333.0	0.5	0.5
47.2	337.0	0.5	0.5
48.2	341.0	0.5	0.5
Panel Name	PowerPlex_16_v1
Marker Name	D3S1358
18	136.0	0.5	0.5
19	140.0	0.5	0.5
20	144.0	0.5	0.5
21	148.0	0.5	0.5
11	108.0	0.5	0.5
12	112.0	0.5	0.5
13	116.0	0.5	0.5
14	120.0	0.5	0.5
15	124.0	0.5	0.5
15.2	126.0	0.5	0.5
16	128.0	0.5	0.5
17	132.0	0.5	0.5
Marker Name	TH01
4	154.0	0.5	0.5
5	158.0	0.5	0.5
6	162.0	0.5	0.5
7	166.0	0.5	0.5
8	170.0	0.5	0.5
9	174.0	0.5	0.5
9.3	177.0	0.5	0.4
10	178.0	0.5	0.5
11	182.0	0.5	0.5
13.3	193.0	0.5	0.5
Marker Name	D21S11
23.2	198.0	0.5	0.5
24	200.0	0.5	0.5
24.2	202.0	0.5	0.5
25	204.0	0.5	0.5
25.2	206.0	0.5	0.5
26	208.0	0.5	0.5
26.2	210.0	0.5	0.5
27	212.0	0.5	0.5
27.2	214.0	0.5	0.5
28	216.0	0.5	0.5
28.2	218.0	0.5	0.5
29	220.0	0.5	0.5
29.2	222.0	0.5	0.5
30	224.0	0.5	0.5
30.2	226.0	0.5	0.5
31	228.0	0.5	0.5
31.2	230.0	0.5	0.5
32	232.0	0.5	0.5
32.2	234.0	0.5	0.5
33	236.0	0.5	0.5
33.2	238.0	0.5	0.5
34	240.0	0.5	0.5
34.2	242.0	0.5	0.5
35	244.0	0.5	0.5
35.2	246.0	0.5	0.5
36	248.0	0.5	0.5
36.2	250.0	0.5	0.5
37	252.0	0.5	0.5
37.2	254.0	0.5	0.5
38	256.0	0.5	0.5
38.2	258.0	0.5	0.5
39	260.0	0.5	0.5
Marker Name	D18S51
8	285.0	0.5	0.5
9	289.0	0.5	0.5
9.2	291.0	0.5	0.5
10	293.0	0.5	0.5
10.2	295.0	0.5	0.5
11	297.0	0.5	0.5
12	301.0	0.5	0.5
13	305.0	0.5	0.5
13.2	307.0	0.5	0.5
14	309.0	0.5	0.5
14.2	311.0	0.5	0.5
15	313.0	0.5	0.5
16	317.0	0.5	0.5
17	321.0	0.5	0.5
18	325.0	0.5	0.5
19	329.0	0.5	0.5
19.2	331.0	0.5	0.5
20	333.0	0.5	0.5
21	337.0	0.5	0.5
22	341.0	0.5	0.5
23	345.0	0.5	0.5
24	349.0	0.5	0.5
25	353.0	0.5	0.5
26	357.0	0.5	0.5
27	361.0	0.5	0.5
Marker Name	Penta_E
7	387.0	0.5	0.5
8	392.0	0.5	0.5
9	397.0	0.5	0.5
10	402.0	0.5	0.5
11	407.0	0.5	0.5
12	412.0	0.5	0.5
13	417.0	0.5	0.5
14	422.0	0.5	0.5
15	427.0	0.5	0.5
16	432.0	0.5	0.5
17	437.0	0.5	0.5
18	442.0	0.5	0.5
19	447.0	0.5	0.5
20	452.0	0.5	0.5
21	457.0	0.5	0.5
22	462.0	0.5	0.5
23	467.0	0.5	0.5
24	472.0	0.5	0.5
25	477.0	0.5	0.5
4	372.0	0.5	0.5
5	377.0	0.5	0.5
6	382.0	0.5	0.5
Marker Name	D5S818
7	115.0	0.5	0.5
8	119.0	0.5	0.5
9	123.0	0.5	0.5
10	127.0	0.5	0.5
11	131.0	0.5	0.5
12	135.0	0.5	0.5
13	139.0	0.5	0.5
14	143.0	0.5	0.5
15	147.0	0.5	0.5
16	151.0	0.5	0.5
Marker Name	D13S317
7	173.0	0.5	0.5
8	177.0	0.5	0.5
9	181.0	0.5	0.5
10	185.0	0.5	0.5
11	189.0	0.5	0.5
12	193.0	0.5	0.5
13	197.0	0.5	0.5
14	201.0	0.5	0.5
15	205.0	0.5	0.5
Marker Name	D7S820
6	213.0	0.5	0.5
7	217.0	0.5	0.5
8	221.0	0.5	0.5
9	225.0	0.5	0.5
10	229.0	0.5	0.5
11	233.0	0.5	0.5
12	237.0	0.5	0.5
13	241.0	0.5	0.5
14	245.0	0.5	0.5
Marker Name	D16S539
5	263.0	0.5	0.5
8	275.0	0.5	0.5
9	279.0	0.5	0.5
10	283.0	0.5	0.5
11	287.0	0.5	0.5
12	291.0	0.5	0.5
13	295.0	0.5	0.5
14	299.0	0.5	0.5
15	303.0	0.5	0.5
Marker Name	CSF1PO
6	318.0	0.5	0.5
7	322.0	0.5	0.5
8	326.0	0.5	0.5
9	330.0	0.5	0.5
10	334.0	0.5	0.5
11	338.0	0.5	0.5
12	342.0	0.5	0.5
13	346.0	0.5	0.5
14	350.0	0.5	0.5
15	354.0	0.5	0.5
Marker Name	Penta_D
2.2	369.0	0.5	0.5
3.2	374.0	0.5	0.5
5	382.0	0.5	0.5
7	392.0	0.5	0.5
8	397.0	0.5	0.5
9	402.0	0.5	0.5
10	407.0	0.5	0.5
11	412.0	0.5	0.5
12	417.0	0.5	0.5
13	422.0	0.5	0.5
14	427.0	0.5	0.5
15	432.0	0.5	0.5
16	437.0	0.5	0.5
17	442.0	0.5	0.5
Marker Name	AMEL
X	104.0	0.5	0.5
Y	110.0	0.5	0.5
Marker Name	vWA
22	170.0	0.5	0.5
10	122.0	0.5	0.5
11	126.0	0.5	0.5
12	130.0	0.5	0.5
13	134.0	0.5	0.5
14	138.0	0.5	0.5
15	142.0	0.5	0.5
15.2	144.0	0.5	0.5
16	146.0	0.5	0.5
17	150.0	0.5	0.5
18	154.0	0.5	0.5
19	158.0	0.5	0.5
20	162.0	0.5	0.5
21	166.0	0.5	0.5
Marker Name	D8S1179
7	202.0	0.5	0.5
8	206.0	0.5	0.5
9	210.0	0.5	0.5
10	214.0	0.5	0.5
11	218.0	0.5	0.5
12	222.0	0.5	0.5
13	226.0	0.5	0.5
14	230.0	0.5	0.5
15	234.0	0.5	0.5
16	238.0	0.5	0.5
17	242.0	0.5	0.5
18	246.0	0.5	0.5
19	250.0	0.5	0.5
Marker Name	TPOX
5	257.0	0.5	0.5
6	261.0	0.5	0.5
7	265.0	0.5	0.5
8	269.0	0.5	0.5
9	273.0	0.5	0.5
10	277.0	0.5	0.5
11	281.0	0.5	0.5
12	285.0	0.5	0.5
13	289.0	0.5	0.5
14	293.0	0.5	0.5
Marker Name	FGA
16	320.0	0.5	0.5
17	324.0	0.5	0.5
17.2	326.0	0.5	0.5
18	328.0	0.5	0.5
18.2	330.0	0.5	0.5
19	332.0	0.5	0.5
19.2	334.0	0.5	0.5
20	336.0	0.5	0.5
20.2	338.0	0.5	0.5
21	340.0	0.5	0.5
21.2	342.0	0.5	0.5
22	344.0	0.5	0.5
22.2	346.0	0.5	0.5
23	348.0	0.5	0.5
23.2	350.0	0.5	0.5
24	352.0	0.5	0.5
24.2	354.0	0.5	0.5
25	356.0	0.5	0.5
25.2	358.0	0.5	0.5
26	360.0	0.5	0.5
26.2	362.0	0.5	0.5
27	364.0	0.5	0.5
27.2	366.0	0.5	0.5
28	368.0	0.5	0.5
28.2	370.0	0.5	0.5
29	372.0	0.5	0.5
29.2	374.0	0.5	0.5
30	376.0	0.5	0.5
30.2	378.0	0.5	0.5
31	380.0	0.5	0.5
31.2	382.0	0.5	0.5
43.2	431.0	0.5	0.5
44.2	435.0	0.5	0.5
45.2	439.0	0.5	0.5
46.2	443.0	0.5	0.5
47.2	447.0	0.5	0.5
Panel Name	PowerPlex_12_v1
Marker Name	D5S818
7	114.0	0.5	0.5
8	118.0	0.5	0.5
9	122.0	0.5	0.5
10	126.0	0.5	0.5
11	130.0	0.5	0.5
12	134.0	0.5	0.5
13	138.0	0.5	0.5
14	142.0	0.5	0.5
15	146.0	0.5	0.5
16	150.0	0.5	0.5
Marker Name	D13S317
7	170.0	0.5	0.5
8	174.0	0.5	0.5
9	178.0	0.5	0.5
10	182.0	0.5	0.5
11	186.0	0.5	0.5
12	190.0	0.5	0.5
13	194.0	0.5	0.5
14	198.0	0.5	0.5
15	202.0	0.5	0.5
Marker Name	D7S820
6	213.0	0.5	0.5
7	217.0	0.5	0.5
8	221.0	0.5	0.5
9	225.0	0.5	0.5
10	229.0	0.5	0.5
11	233.0	0.5	0.5
12	237.0	0.5	0.5
13	241.0	0.5	0.5
14	245.0	0.5	0.5
Marker Name	D16S539
5	262.0	0.5	0.5
6	266.0	0.5	0.5
7	270.0	0.5	0.5
8	274.0	0.5	0.5
9	278.0	0.5	0.5
10	282.0	0.5	0.5
11	286.0	0.5	0.5
12	290.0	0.5	0.5
13	294.0	0.5	0.5
14	298.0	0.5	0.5
15	302.0	0.5	0.5
Marker Name	vWA
10	122.0	0.5	0.5
11	126.0	0.5	0.5
12	130.0	0.5	0.5
13	134.0	0.5	0.5
14	138.0	0.5	0.5
15	142.0	0.5	0.5
15.2	144.0	0.5	0.5
16	146.0	0.5	0.5
17	150.0	0.5	0.5
18	154.0	0.5	0.5
19	158.0	0.5	0.5
20	162.0	0.5	0.5
21	166.0	0.5	0.5
Marker Name	TH01
5	176.0	0.5	0.5
6	180.0	0.5	0.5
7	184.0	0.5	0.5
8	188.0	0.5	0.5
9	192.0	0.5	0.5
9.3	195.0	0.5	0.4
10	196.0	0.5	0.5
11	200.0	0.5	0.5
Marker Name	AMEL
X	210.0	0.5	0.5
Y	216.0	0.5	0.5
Marker Name	TPOX
6	222.0	0.5	0.5
7	226.0	0.5	0.5
8	230.0	0.5	0.5
9	234.0	0.5	0.5
10	238.0	0.5	0.5
11	242.0	0.5	0.5
12	246.0	0.5	0.5
13	250.0	0.5	0.5
14	254.0	0.5	0.5
Marker Name	CSF1PO
6	291.0	0.5	0.5
7	295.0	0.5	0.5
8	299.0	0.5	0.5
9	303.0	0.5	0.5
10	307.0	0.5	0.5
11	311.0	0.5	0.5
12	315.0	0.5	0.5
13	319.0	0.5	0.5
14	323.0	0.5	0.5
15	327.0	0.5	0.5
Panel Name	Penta_E_v1
Marker Name	Penta_E
4	372.0	0.5	0.5
5	377.0	0.5	0.5
6	382.0	0.5	0.5
7	387.0	0.5	0.5
8	392.0	0.5	0.5
9	397.0	0.5	0.5
10	402.0	0.5	0.5
11	407.0	0.5	0.5
12	412.0	0.5	0.5
13	417.0	0.5	0.5
14	422.0	0.5	0.5
15	427.0	0.5	0.5
16	432.0	0.5	0.5
17	437.0	0.5	0.5
18	442.0	0.5	0.5
19	447.0	0.5	0.5
20	452.0	0.5	0.5
21	457.0	0.5	0.5
22	462.0	0.5	0.5
23	467.0	0.5	0.5
24	472.0	0.5	0.5
25	477.0	0.5	0.5
Panel Name	Penta_D_v1
Marker Name	Penta_D
9	402.0	0.5	0.5
10	407.0	0.5	0.5
11	412.0	0.5	0.5
12	417.0	0.5	0.5
13	422.0	0.5	0.5
14	427.0	0.5	0.5
15	432.0	0.5	0.5
16	437.0	0.5	0.5
17	442.0	0.5	0.5
2.2	369.0	0.5	0.5
3.2	374.0	0.5	0.5
5	382.0	0.5	0.5
7	392.0	0.5	0.5
8	397.0	0.5	0.5
Panel Name	SE33_v1
Marker Name	SE33
4.2	196.0	0.5	0.5
6.3	205.0	0.5	0.5
7.2	208.0	0.5	0.5
8	210.0	0.5	0.5
8.2	212.0	0.5	0.5
9	214.0	0.5	0.5
9.2	216.0	0.5	0.5
10	218.0	0.5	0.5
10.2	220.0	0.5	0.5
11	222.0	0.5	0.5
11.2	224.0	0.5	0.5
12	226.0	0.5	0.5
12.2	228.0	0.5	0.5
13	230.0	0.5	0.5
13.2	232.0	0.5	0.5
14	234.0	0.5	0.5
14.2	236.0	0.5	0.4
14.3	237.0	0.4	0.4
15	238.0	0.4	0.5
15.2	240.0	0.5	0.5
16	242.0	0.5	0.5
16.2	244.0	0.5	0.5
17	246.0	0.5	0.5
17.2	248.0	0.5	0.5
18	250.0	0.5	0.5
18.2	252.0	0.5	0.5
19	254.0	0.5	0.5
19.2	256.0	0.5	0.5
20	258.0	0.5	0.5
20.2	260.0	0.5	0.5
21	262.0	0.5	0.4
21.1	263.0	0.4	0.4
21.2	264.0	0.4	0.5
22	266.0	0.5	0.5
22.2	268.0	0.5	0.5
23	270.0	0.5	0.5
23.2	272.0	0.5	0.5
24	274.0	0.5	0.5
24.2	276.0	0.5	0.5
25	278.0	0.5	0.5
25.2	280.0	0.5	0.5
26	282.0	0.5	0.5
26.2	284.0	0.5	0.5
27	286.0	0.5	0.5
27.2	288.0	0.5	0.5
28	290.0	0.5	0.5
28.2	292.0	0.5	0.5
29	294.0	0.5	0.5
29.2	296.0	0.5	0.5
30	298.0	0.5	0.5
30.2	300.0	0.5	0.5
31	302.0	0.5	0.5
31.2	304.0	0.5	0.5
32	306.0	0.5	0.4
32.1	307.0	0.4	0.4
32.2	308.0	0.4	0.5
33	310.0	0.5	0.5
33.2	312.0	0.5	0.5
34	314.0	0.5	0.5
34.2	316.0	0.5	0.5
35	318.0	0.5	0.5
35.2	320.0	0.5	0.5
36	322.0	0.5	0.5
36.2	324.0	0.5	0.5
37	326.0	0.5	0.5
37.2	328.0	0.5	0.5
38	330.0	0.5	0.5
Panel Name	FFFL_v1
Marker Name	LPL
7	97.7	0.5	0.5
8	101.7	0.5	0.5
9	105.7	0.5	0.5
10	109.7	0.5	0.5
11	113.7	0.5	0.5
12	117.7	0.5	0.5
13	121.7	0.5	0.5
14	125.7	0.5	0.5
Marker Name	F13B
6	164.3	0.5	0.5
7	168.3	0.5	0.5
8	172.3	0.5	0.5
9	176.3	0.5	0.5
10	180.3	0.5	0.5
11	184.2	0.5	0.5
12	188.19	0.5	0.5
Marker Name	FESFPS
7	218.0	0.5	0.5
8	222.0	0.5	0.5
9	226.0	0.5	0.5
10	230.0	0.5	0.5
11	234.0	0.5	0.5
12	238.0	0.5	0.5
13	242.0	0.5	0.5
14	246.04	0.5	0.5
Marker Name	F13A01
3.2	276.68	0.5	0.5
4	278.7	0.5	0.5
5	282.7	0.5	0.5
6	286.7	0.5	0.5
7	290.7	0.5	0.5
8	294.7	0.5	0.5
9	298.7	0.5	0.5
10	302.27	0.5	0.5
11	305.7	0.5	0.5
12	309.4	0.5	0.5
13	313.3	0.5	0.5
14	317.2	0.5	0.5
15	321.2	0.5	0.5
16	325.1	0.5	0.5
Panel Name	CTTV_v1
Marker Name	vWA
13	139.0	0.5	0.5
14	143.0	0.5	0.5
15	147.0	0.5	0.5
16	151.0	0.5	0.5
17	155.0	0.5	0.5
18	159.0	0.5	0.5
19	163.0	0.5	0.5
20	167.0	0.5	0.5
Marker Name	TH01
8	191.4	0.5	0.5
9	195.4	0.5	0.5
10	199.4	0.5	0.5
11	202.97	0.5	0.5
6	183.4	0.5	0.5
7	187.4	0.5	0.5
5	179.4	0.5	0.5
Marker Name	AMEL
x	212.08	0.5	0.5
Y	217.38	0.5	0.5
Marker Name	TPOX
6	224.0	0.5	0.5
7	228.0	0.5	0.5
8	232.0	0.5	0.5
9	236.0	0.5	0.5
10	240.0	0.5	0.5
11	244.0	0.5	0.5
12	248.0	0.5	0.5
13	252.03	0.5	0.5
Marker Name	CSF1PO
7	294.5	0.5	0.5
8	298.5	0.5	0.5
9	302.5	0.5	0.5
10	306.5	0.5	0.5
11	310.5	0.5	0.5
12	314.5	0.5	0.5
13	318.5	0.5	0.5
14	322.5	0.5	0.5
15	326.32	0.5	0.5
Panel Name	NextGen_GS500
Marker Name	D10			
7	73	0.5	0.5	mutant
8	77	0.5	0.5	
9	81	0.5	0.5	
10	85	0.5	0.5	
11	89	0.5	0.5	
12	93	0.5	0.5	
13	97	0.5	0.5	
14	101	0.5	0.5	
15	105	0.5	0.5	
16	109	0.5	0.5	
17	113	0.5	0.5	
18	117	0.5	0.5	
19	121	0.5	0.5	mutant
20	125	0.5	0.5	mutant
Marker Name	vWA			
10	150	0.5	0.5	mutant
11	154	0.5	0.5	
12	158	0.5	0.5	
13	162	0.5	0.5	
14	166	0.5	0.5	
15	170	0.5	0.5	
15.2	172	0.5	0.5	mutant
16	174	0.5	0.5	
17	178	0.5	0.5	
18	182	0.5	0.5	
18.2	184	0.5	0.5	mutant
19	186	0.5	0.5	
20	190	0.5	0.5	
21	194	0.5	0.5	
22	198	0.5	0.5	
23	202	0.5	0.5	
24	206	0.5	0.5	
25	210	0.5	0.5	mutant
Marker Name	D16S539			
5	228.5	0.5	0.5	
6	232.5	0.5	0.5	mutant
7	236.5	0.5	0.5	mutant
8	240.5	0.5	0.5	
9	244.5	0.5	0.5	
10	248.5	0.5	0.5	
11	252.5	0.5	0.5	
12	256.5	0.5	0.5	
12.2	258.5	0.5	0.5	mutant
13	260.5	0.5	0.5	
14	264.5	0.5	0.5	
15	268.5	0.5	0.5	
16	272.5	0.5	0.5	mutant
Marker Name	D2S1338			
14	285.5	0.5	0.5	mutant
15	289.5	0.5	0.5	
16	293.5	0.5	0.5	
17	297.5	0.5	0.5	
18	301.5	0.5	0.5	
19	305.5	0.5	0.5	
20	309.5	0.5	0.5	
21	313.5	0.5	0.5	
22	317.5	0.5	0.5	
23	321.5	0.5	0.5	
24	325.5	0.5	0.5	
25	329.5	0.5	0.5	
26	333.5	0.5	0.5	
27	337.5	0.5	0.5	
28	341.5	0.5	0.5	
29	345.5	0.5	0.5	mutant
Marker Name	AMEL			
X	101.4	0.5	0.5	
Y	107.4	0.5	0.5	
Marker Name	D8S1179			
7	121	0.5	0.5	mutant
8	125	0.5	0.5	
9	129	0.5	0.5	
10	133	0.5	0.5	
11	137	0.5	0.5	
12	141	0.5	0.5	
13	145	0.5	0.5	
14	149	0.5	0.5	
15	153	0.5	0.5	
16	157	0.5	0.5	
17	161	0.5	0.5	
18	165	0.5	0.5	
19	169	0.5	0.5	
20	173	0.5	0.5	mutant
Marker Name	D21S11			
23.2	183	0.5	0.5	mutant
24	185	0.5	0.5	
24.2	187	0.5	0.5	
25	189	0.5	0.5	
25.2	191	0.5	0.5	mutant
26	193	0.5	0.5	
26.2	195	0.5	0.5	mutant
27	197	0.5	0.5	
27.2	199	0.5	0.5	mutant
28	201	0.5	0.5	
28.2	203	0.5	0.5	
29	205	0.5	0.5	
29.2	207	0.5	0.5	
30	209	0.5	0.5	
30.2	211	0.5	0.5	
31	213	0.5	0.5	
31.2	215	0.5	0.5	
32	217	0.5	0.5	
32.2	219	0.5	0.5	
33	221	0.5	0.5	
33.2	223	0.5	0.5	
34	225	0.5	0.5	
34.2	227	0.5	0.5	
35	229	0.5	0.5	
35.2	231	0.5	0.5	
36	233	0.5	0.5	
36.2	235	0.5	0.5	mutant
37	237	0.5	0.5	
37.2	239	0.5	0.5	mutant
38	241	0.5	0.5	
38.2	243	0.5	0.5	mutant
39	245	0.5	0.5	mutant
Marker Name	D18S51			
7	263	0.5	0.5	
8	267	0.5	0.5	mutant
9	271	0.5	0.5	
9.2	273	0.5	0.5	mutant
10	275	0.5	0.5	
10.2	277	0.5	0.5	
11	279	0.5	0.5	
11.2	281	0.5	0.5	mutant
12	283	0.5	0.5	
12.2	285	0.5	0.5	mutant
13	287	0.5	0.5	
13.2	289	0.5	0.5	
14	291	0.5	0.5	
14.2	293	0.5	0.5	
15	295	0.5	0.5	
15.2	297	0.5	0.5	mutant
16	299	0.5	0.5	
16.2	301	0.5	0.5	mutant
17	303	0.5	0.5	
17.2	305	0.5	0.5	mutant
18	307	0.5	0.5	
18.2	309	0.5	0.5	mutant
19	311	0.5	0.5	
19.2	313	0.5	0.5	mutant
20	315	0.5	0.5	
20.2	317	0.5	0.5	mutant
21	319	0.5	0.5	
21.2	321	0.5	0.5	mutant
22	323	0.5	0.5	
22.2	325	0.5	0.5	mutant
23	327	0.5	0.5	
23.2	329	0.5	0.5	mutant
24	331	0.5	0.5	
25	335	0.5	0.5	
26	339	0.5	0.5	
27	343	0.5	0.5	
Marker Name	D22			
8	80	0.5	0.5	
9	83	0.5	0.5	
10	86	0.5	0.5	
11	89	0.5	0.5	
12	92	0.5	0.5	
13	95	0.5	0.5	
14	98	0.5	0.5	
15	101	0.5	0.5	
16	104	0.5	0.5	
17	107	0.5	0.5	
18	110	0.5	0.5	
19	113	0.5	0.5	
Marker Name	D19S433			
9	127.3	0.5	0.5	
9.2	129.3	0.5	0.5	mutant
10	131.3	0.5	0.5	
10.2	133.3	0.5	0.5	mutant
11	135.3	0.5	0.5	
11.2	137.3	0.5	0.5	mutant
12	139.3	0.5	0.5	
12.2	141.3	0.5	0.5	
13	143.3	0.5	0.5	
13.2	145.3	0.5	0.5	
14	147.3	0.5	0.5	
14.2	149.3	0.5	0.5	
15	151.3	0.5	0.5	
15.2	153.3	0.5	0.5	
16	155.3	0.5	0.5	
16.2	157.3	0.5	0.5	
17	159.3	0.5	0.5	
17.2	161.3	0.5	0.5	
18	163.3	0.5	0.5	mutant
18.2	165.3	0.5	0.5	mutant
Marker Name	TH01			
3	177	0.5	0.5	mutant
4	181	0.5	0.5	
5	185	0.5	0.5	
5.3	188	0.5	0.49	mutant
6	189	0.49	0.5	
6.3	192	0.5	0.49	mutant
7	193	0.49	0.5	
7.3	196	0.5	0.49	mutant
8	197	0.49	0.5	
8.3	200	0.5	0.49	mutant
9	201	0.49	0.5	
9.3	204	0.5	0.49	
10	205	0.49	0.5	
10.3	208	0.5	0.49	mutant
11	209	0.49	0.5	
12	213	0.5	0.5	mutant
13	217	0.5	0.5	mutant
13.3	220	0.5	0.5	
Marker Name	FGA			
16	226	0.5	0.5	mutant
16.2	228	0.5	0.5	mutant
17	230	0.5	0.5	
17.2	232	0.5	0.5	mutant
18	234	0.5	0.5	
18.2	236	0.5	0.5	mutant
19	238	0.5	0.5	
19.2	240	0.5	0.5	mutant
20	242	0.5	0.5	
20.2	244	0.5	0.5	mutant
21	246	0.5	0.5	
21.2	248	0.5	0.5	mutant
22	250	0.5	0.5	
22.2	252	0.5	0.5	mutant
23	254	0.5	0.5	
23.2	256	0.5	0.5	mutant
24	258	0.5	0.5	
24.2	260	0.5	0.5	mutant
25	262	0.5	0.5	
25.2	264	0.5	0.5	mutant
26	266	0.5	0.5	
26.2	268	0.5	0.5	
27	270	0.5	0.5	
27.2	272	0.5	0.5	mutant
28	274	0.5	0.5	
28.2	276	0.5	0.5	mutant
29	278	0.5	0.5	
29.2	280	0.5	0.5	mutant
30	282	0.5	0.5	
30.2	284	0.5	0.5	
31	286	0.5	0.5	mutant
31.2	288	0.5	0.5	
32	290	0.5	0.5	mutant
32.2	292	0.5	0.5	
33.2	296	0.5	0.5	
34.2	300	0.5	0.5	mutant
42.2	332	0.5	0.5	
43.2	336	0.5	0.5	
44.2	340	0.5	0.5	
45.2	344	0.5	0.5	
46.2	348	0.5	0.5	
47.2	352	0.5	0.5	
48.2	356	0.5	0.5	
49.2	360	0.5	0.5	mutant
50.2	364	0.5	0.5	
51.2	368	0.5	0.5	
Marker Name	D2S441			
9	80	0.5	0.5	
10	84	0.5	0.5	
11	88	0.5	0.5	
11.3	91	0.5	0.49	
12	92	0.49	0.5	
12.3	95	0.5	0.49	mutant
13	96	0.49	0.5	
13.3	99	0.5	0.49	mutant
14	100	0.49	0.5	
14.3	103	0.5	0.49	mutant
15	104	0.49	0.5	
16	108	0.5	0.5	
17	112	0.5	0.5	mutant
Marker Name	D3S1358			
11	131	0.5	0.5	mutant
12	135	0.5	0.5	
13	139	0.5	0.5	
14	143	0.5	0.5	
15	147	0.5	0.5	
15.2	149	0.5	0.5	mutant
16	151	0.5	0.5	
16.2	153	0.5	0.5	mutant
17	155	0.5	0.5	
17.2	157	0.5	0.5	mutant
18	159	0.5	0.5	
18.2	161	0.5	0.5	mutant
19	163	0.5	0.5	
20	167	0.5	0.5	mutant
Marker Name	D1S1656			
9	175	0.5	0.5	
10	179	0.5	0.5	
11	183	0.5	0.5	
12	187	0.5	0.5	
13	191	0.5	0.5	
14	195	0.5	0.5	
14.3	198	0.5	0.49	
15	199	0.49	0.5	
15.3	202	0.5	0.49	
16	203	0.49	0.5	
16.3	206	0.5	0.49	
17	207	0.49	0.5	
17.3	210	0.5	0.49	
18	211	0.49	0.5	mutant
18.3	214	0.5	0.5	
19.3	218	0.5	0.5	
20.3	222	0.5	0.5	
Marker Name	D12S391			
14	229	0.5	0.5	
15	233	0.5	0.5	
16	237	0.5	0.5	
17	241	0.5	0.5	
17.3	244	0.5	0.49	mutant
18	245	0.49	0.5	
18.3	248	0.5	0.49	mutant
19	249	0.49	0.5	
19.1	250	0.49	0.5	mutant
19.3	252	0.5	0.5	
20	253	0.5	0.5	
20.3	256	0.5	0.49	mutant
21	257	0.5	0.5	
22	261	0.5	0.5	
23	265	0.5	0.5	
24	269	0.5	0.5
25	273	0.5	0.5
26	277	0.5	0.5
27	281	0.5	0.5
Panel Name	Prototype_PowerPlex_EP01
Marker Name	AMEL
X	82.01	0.5	0.5
Y	87.86	0.5	0.5
Marker Name	D3S1358
8	94.5	0.5	0.5
9	98.56	0.5	0.5
10	102.62	0.5	0.5
11	106.78	0.5	0.5
12	110.84	0.5	0.5
13	114.90	0.5	0.5
14	119.00	0.5	0.5
15	123.10	0.5	0.5
15.2	125.15	0.5	0.5
16	127.20	0.5	0.5
17	131.31	0.5	0.5
18	135.41	0.5	0.5
19	139.50	0.5	0.5
20	143.62	0.5	0.5
21	147.72	0.5	0.5
Marker Name	TH01
4	152.84	0.5	0.5
5	156.83	0.5	0.5
6	160.95	0.5	0.5
7	164.90	0.5	0.5
8	168.85	0.5	0.5
9	172.79	0.5	0.5
9.3	175.74	0.5	0.4
10	176.78	0.5	0.5
11	180.77	0.5	0.5
13.3	191.77	0.5	0.5
Marker Name	D21S11
23.2	196.86	0.5	0.5
24	198.88	0.5	0.5
24.2	200.91	0.5	0.5
25	202.93	0.5	0.5
25.2	204.96	0.5	0.5
26	206.98	0.5	0.5
26.2	209.01	0.5	0.5
27	211.03	0.5	0.5
27.2	213.06	0.5	0.5
28	215.08	0.5	0.5
28.2	217.09	0.5	0.5
29	219.10	0.5	0.5
29.2	221.12	0.5	0.5
30	223.14	0.5	0.5
30.2	225.16	0.5	0.5
31	227.19	0.5	0.5
31.2	229.20	0.5	0.5
32	231.23	0.5	0.5
32.2	233.25	0.5	0.5
33	235.28	0.5	0.5
33.2	237.29	0.5	0.5
34	239.32	0.5	0.5
34.2	241.34	0.5	0.5
35	243.37	0.5	0.5
35.2	245.38	0.5	0.5
36	247.42	0.5	0.5
36.2	249.45	0.5	0.5
37	251.47	0.5	0.5
37.2	253.50	0.5	0.5
38	255.52	0.5	0.5
38.2	257.64	0.5	0.5
39	259.73	0.5	0.5
Marker Name	D18S51
7	280.22	0.5	0.5
8	284.13	0.5	0.5
9	288.05	0.5	0.5
9.2	290.00	0.5	0.5
10	291.96	0.5	0.5
10.2	293.92	0.5	0.5
11	295.88	0.5	0.5
12	299.79	0.5	0.5
13	303.71	0.5	0.5
13.2	305.67	0.5	0.5
14	307.62	0.5	0.5
14.2	309.49	0.5	0.5
15	311.36	0.5	0.5
16	315.27	0.5	0.5
17	319.14	0.5	0.5
18	323.03	0.5	0.5
19	326.93	0.5	0.5
19.2	328.98	0.5	0.5
20	330.83	0.5	0.5
21	334.73	0.5	0.5
22	338.63	0.5	0.5
23	342.53	0.5	0.5
24	346.48	0.5	0.5
25	350.43	0.5	0.5
26	354.33	0.5	0.5
27	358.23	0.5	0.5
Marker Name	D10S1248
8	77.18	0.5	0.5
9	81.25	0.5	0.5
10	85.32	0.5	0.5
11	89.39	0.5	0.5
12	93.49	0.5	0.5
13	97.55	0.5	0.5
14	101.66	0.5	0.5
15	105.81	0.5	0.5
16	109.98	0.5	0.5
17	114.10	0.5	0.5
18	118.23	0.5	0.5
19	122.36	0.5	0.5
Marker Name	D1S1656
9	129.83	0.5	0.5
10	133.95	0.5	0.5
11	138.08	0.5	0.5
12	142.16	0.5	0.5
13	146.17	0.5	0.5
13.3	149.23	0.5	0.4
14	150.26	0.5	0.5
14.3	153.35	0.5	0.4
15	154.35	0.5	0.5
15.3	157.37	0.5	0.4
16	158.45	0.5	0.5
16.3	161.46	0.5	0.4
17	162.46	0.5	0.4
17.1	163.48	0.5	0.5
17.3	165.55	0.5	0.4
18	166.47	0.5	0.5
18.3	169.48	0.5	0.4
19	170.56	0.5	0.5
19.3	173.58	0.5	0.5
20.3	177.60	0.5	0.5
Marker Name	D2S1338
10	191.80	0.5	0.5
11	195.77	0.5	0.5
12	199.74	0.5	0.5
13	203.71	0.5	0.5
14	207.68	0.5	0.5
15	211.65	0.5	0.5
16	215.62	0.5	0.5
17	219.59	0.5	0.5
18	223.56	0.5	0.5
19	227.53	0.5	0.5
19.3	230.53	0.5	0.4
20	231.60	0.5	0.5
21	235.55	0.5	0.5
22	239.49	0.5	0.5
23	243.49	0.5	0.5
23.2	245.50	0.5	0.4
23.3	246.48	0.5	0.4
24	247.48	0.5	0.5
25	251.47	0.5	0.5
26	255.46	0.5	0.5
27	259.45	0.5	0.5
28	263.36	0.5	0.5
Marker Name	D16S539
4	269.30	0.5	0.5
5	273.37	0.5	0.5
6	277.41	0.5	0.5
7	281.44	0.5	0.5
8	285.31	0.5	0.5
9	289.34	0.5	0.5
10	293.38	0.5	0.5
11	297.33	0.5	0.5
12	301.30	0.5	0.5
13	305.39	0.5	0.5
14	309.40	0.5	0.5
15	313.43	0.5	0.5
16	317.55	0.5	0.5
Marker Name	D22S1045
6	75.54	0.5	0.5
7	78.52	0.5	0.5
8	81.49	0.5	0.5
9	84.45	0.5	0.5
10	87.42	0.5	0.5
11	90.41	0.5	0.5
12	93.34	0.5	0.5
13	96.36	0.5	0.5
14	99.33	0.5	0.5
15	102.41	0.5	0.5
16	105.43	0.5	0.5
17	108.46	0.5	0.5
18	111.50	0.5	0.5
19	114.56	0.5	0.5
Marker Name	vWA
10	123.27	0.5	0.5
11	127.31	0.5	0.5
12	131.28	0.5	0.5
13	135.41	0.5	0.5
14	139.46	0.5	0.5
15	143.47	0.5	0.5
16	147.55	0.5	0.5
17	151.57	0.5	0.5
18	155.59	0.5	0.5
19	159.61	0.5	0.5
20	163.62	0.5	0.5
21	167.55	0.5	0.5
22	171.49	0.5	0.5
23	175.42	0.5	0.5
24	179.38	0.5	0.5
25	183.36	0.5	0.5
Marker Name	D8S1179
7	203.77	0.5	0.5
8	207.78	0.5	0.5
9	211.81	0.5	0.5
10	215.77	0.5	0.5
11	219.82	0.5	0.5
12	223.80	0.5	0.5
13	227.81	0.5	0.5
14	231.84	0.5	0.5
15	235.88	0.5	0.5
16	239.92	0.5	0.5
17	243.98	0.5	0.5
18	248.13	0.5	0.5
19	252.20	0.5	0.5
20	256.27	0.5	0.5	
Marker Name	FGA
12.2	258.76	0.5	0.5
16	272.13	0.5	0.5
17	275.95	0.5	0.5
17.2	277.86	0.5	0.5
18	279.77	0.5	0.5
18.2	281.68	0.5	0.5
19	283.59	0.5	0.5
19.2	285.50	0.5	0.5
20	287.41	0.5	0.5
20.2	289.32	0.5	0.5
21	291.23	0.5	0.5
21.2	293.14	0.5	0.5
22	295.06	0.5	0.5
22.2	296.97	0.5	0.5
23	298.88	0.5	0.5
23.2	300.80	0.5	0.5
24	302.73	0.5	0.5
24.2	304.67	0.5	0.5
25	306.51	0.5	0.5
25.2	308.46	0.5	0.5
26	310.38	0.5	0.5
26.2	312.36	0.5	0.5
27	314.33	0.5	0.5
27.2	316.24	0.5	0.5
28	318.15	0.5	0.5
28.2	320.11	0.5	0.5
29	322.06	0.5	0.5
29.2	323.99	0.5	0.5
30	325.91	0.5	0.5
30.2	327.84	0.5	0.5
31	329.97	0.5	0.5
31.2	332.09	0.5	0.5
43.2	375.23	0.5	0.5
44.2	379.10	0.5	0.5
45.2	382.99	0.5	0.5
46.2	386.97	0.5	0.5
47.2	390.66	0.5	0.5
50.3	402.65	0.5	0.5
Marker Name	D2S441
8	88.29	0.5	0.5
9	92.37	0.5	0.5
10	96.44	0.5	0.5
11	100.60	0.5	0.5
11.3	103.62	0.5	0.4
12	104.68	0.5	0.5
12.3	107.78	0.5	0.4
13	108.84	0.5	0.5
13.3	111.95	0.5	0.4
14	113.03	0.5	0.5
14.3	116.10	0.5	0.4
15	117.16	0.5	0.5
16	121.28	0.5	0.5
17	125.40	0.5	0.5
Marker Name	D12S391
13	128.75	0.5	0.5
14	132.88	0.5	0.5		
15	137.01	0.5	0.5
16	140.92	0.5	0.5
17	145.09	0.5	0.5
17.3	148.02	0.5	0.4
18	149.10	0.5	0.5
18.3	152.11	0.5	0.5
19	153.19	0.5	0.5
19.3	156.15	0.5	0.5
20	157.21	0.5	0.5
21	161.23	0.5	0.5
22	165.32	0.5	0.5
23	169.48	0.5	0.5
24	173.42	0.5	0.5
25	177.45	0.5	0.5
26	181.48	0.5	0.5
27	185.45	0.5	0.5
Marker Name	D19S433
5.2	193.33	0.5	0.5
6.2	197.25	0.5	0.5
7	199.22	0.5	0.5
8	203.14	0.5	0.5
9	207.07	0.5	0.5
9.2	209.05	0.5	0.5
10	211.02	0.5	0.5
10.2	212.96	0.5	0.5
11	214.90	0.5	0.5
11.2	216.89	0.5	0.5
12	218.87	0.5	0.5
12.2	220.85	0.5	0.5
13	222.85	0.5	0.5
13.2	224.76	0.5	0.5
14	226.77	0.5	0.5
14.2	228.78	0.5	0.5
15	230.71	0.5	0.5
15.2	232.73	0.5	0.5
16	234.67	0.5	0.5
16.2	236.69	0.5	0.5
17	238.71	0.5	0.5
17.2	240.65	0.5	0.5
18	242.68	0.5	0.5
18.2	244.71	0.5	0.5
19	246.61	0.5	0.5
19.2	248.53	0.5	0.5
20.2	252.69	0.5	0.5
Panel Name	Identifiler_v2
Marker Name	D8S1179
8	128.0	0.5	0.5
9	132.0	0.5	0.5
10	136.0	0.5	0.5
11	140.0	0.5	0.5
12	144.0	0.5	0.5
13	148.0	0.5	0.5
14	152.0	0.5	0.5
15	156.0	0.5	0.5
16	160.0	0.5	0.5
17	164.0	0.5	0.5
18	168.0	0.5	0.5
19	172.0	0.5	0.5
Marker Name	D21S11
24	187.0	0.5	0.5
24.2	189.0	0.5	0.5
25	191.0	0.5	0.5
25.2	193.0	0.5	0.5
26	195.0	0.5	0.5
26.2	197.0	0.5	0.5
27	199.0	0.5	0.5
27.2	201.0	0.5	0.5
28	203.0	0.5	0.5
28.2	205.0	0.5	0.5
29	207.0	0.5	0.5
29.2	209.0	0.5	0.5
30	211.0	0.5	0.5
30.2	213.0	0.5	0.5
31	215.0	0.5	0.5
31.2	217.0	0.5	0.5
32	219.0	0.5	0.5
32.2	221.0	0.5	0.5
33	223.0	0.5	0.5
33.2	225.0	0.5	0.5
34	227.0	0.5	0.5
34.2	229.0	0.5	0.5
35	231.0	0.5	0.5
35.2	233.0	0.5	0.5
36	235.0	0.5	0.5
36.2	237.0	0.5	0.5
37	239.0	0.5	0.5
37.2	241.0	0.5	0.5
38	243.0	0.5	0.5
Marker Name	D7S820
6	258.0	0.5	0.5
7	262.0	0.5	0.5
8	266.0	0.5	0.5
8.2	268.0	0.5	0.5
9	270.0	0.5	0.5
9.2	272.0	0.5	0.5
10	274.0	0.5	0.5
11	278.0	0.5	0.5
12	282.0	0.5	0.5
13	286.0	0.5	0.5
14	290.0	0.5	0.5
15	294.0	0.5	0.5
Marker Name	CSF1PO
6	306.63	0.5	0.5
7	310.63	0.5	0.5
8	314.63	0.5	0.5
9	318.63	0.5	0.5
10	322.63	0.5	0.5
10.2	324.63	0.5	0.5
11	326.63	0.5	0.5
12	330.63	0.5	0.5
13	334.63	0.5	0.5
14	338.63	0.5	0.5
15	342.63	0.5	0.5
Marker Name	D3S1358
15.2	128.0	0.5	0.5
16	130.0	0.5	0.5
16.2	132.0	0.5	0.5
17	134.0	0.5	0.5
17.2	136.0	0.5	0.5
18	138.0	0.5	0.5
18.2	140.0	0.5	0.5
19	142.0	0.5	0.5
12	114.0	0.5	0.5
13	118.0	0.5	0.5
14	122.0	0.5	0.5
15	126.0	0.5	0.5
Marker Name	TH01
4	165.0	0.5	0.5
5	169.0	0.5	0.5
5.3	172.0	0.5	0.4
6	173.0	0.4	0.5
6.3	176.0	0.5	0.4
7	177.0	0.4	0.5
7.3	180.0	0.5	0.4
8	181.0	0.4	0.5
8.3	184.0	0.5	0.4
9	185.0	0.4	0.5
9.3	188.0	0.5	0.4
10	189.0	0.4	0.5
10.3	192.0	0.5	0.4
11	193.0	0.4	0.5
12	197.0	0.5	0.5
13	201.0	0.5	0.5
13.3	204.0	0.5	0.5
Marker Name	D13S317
8	217.65	0.5	0.5
9	221.65	0.5	0.5
10	225.65	0.5	0.5
11	229.65	0.5	0.5
12	233.65	0.5	0.5
13	237.65	0.5	0.5
14	241.65	0.5	0.5
15	245.65	0.5	0.5
Marker Name	D16S539
5	257.3	0.5	0.5
6	261.3	0.5	0.5
7	265.3	0.5	0.5
8	269.3	0.5	0.5
9	273.3	0.5	0.5
10	277.3	0.5	0.5
11	281.3	0.5	0.5
12	285.3	0.5	0.5
12.2	287.3	0.5	0.5
13	289.3	0.5	0.5
14	293.3	0.5	0.5
15	297.3	0.5	0.5
Marker Name	D2S1338
15	309.31	0.5	0.5
16	313.31	0.5	0.5
17	317.31	0.5	0.5
18	321.31	0.5	0.5
19	325.31	0.5	0.5
20	329.31	0.5	0.5
21	333.31	0.5	0.5
22	337.31	0.5	0.5
23	341.31	0.5	0.5
24	345.31	0.5	0.5
25	349.31	0.5	0.5
26	353.31	0.5	0.5
27	357.31	0.5	0.5
28	361.31	0.5	0.5
Marker Name	D19S433
9	106.0	0.5	0.5
9.2	108.0	0.5	0.5
10	110.0	0.5	0.5
10.2	112.0	0.5	0.5
11	114.0	0.5	0.5
11.2	116.0	0.5	0.5
12	118.0	0.5	0.5
12.2	120.0	0.5	0.5
13	122.0	0.5	0.5
13.2	124.0	0.5	0.5
14	126.0	0.5	0.5
14.2	128.0	0.5	0.5
15	130.0	0.5	0.5
15.2	132.0	0.5	0.5
16	134.0	0.5	0.5
16.2	136.0	0.5	0.5
17	138.0	0.5	0.5
17.2	140.0	0.5	0.5
Marker Name	vWA
11	157.0	0.5	0.5
12	161.0	0.5	0.5
13	165.0	0.5	0.5
14	169.0	0.5	0.5
15	173.0	0.5	0.5
15.2	175.0	0.5	0.5
16	177.0	0.5	0.5
17	181.0	0.5	0.5
18	185.0	0.5	0.5
18.2	187.0	0.5	0.5
19	189.0	0.5	0.5
20	193.0	0.5	0.5
21	197.0	0.5	0.5
22	201.0	0.5	0.5
23	205.0	0.5	0.5
24	209.0	0.5	0.5
Marker Name	TPOX
6	224.99	0.5	0.5
7	228.99	0.5	0.5
8	232.99	0.5	0.5
9	236.99	0.5	0.5
10	240.99	0.5	0.5
11	244.99	0.5	0.5
12	248.99	0.5	0.5
13	252.99	0.5	0.5
Marker Name	D18S51
10.2	279.0	0.5	0.5
11	281.0	0.5	0.5
11.2	283.0	0.5	0.5
12	285.0	0.5	0.5
12.2	287.0	0.5	0.5
13	289.0	0.5	0.5
13.2	291.0	0.5	0.5
14	293.0	0.5	0.5
14.2	295.0	0.5	0.5
15	297.0	0.5	0.5
15.2	299.0	0.5	0.5
16	301.0	0.5	0.5
16.2	303.0	0.5	0.5
17	305.0	0.5	0.5
17.2	307.0	0.5	0.5
18	309.0	0.5	0.5
18.2	311.0	0.5	0.5
19	313.0	0.5	0.5
19.2	315.0	0.5	0.5
20	317.0	0.5	0.5
20.2	319.0	0.5	0.5
21	321.0	0.5	0.5
21.2	323.0	0.5	0.5
22	325.0	0.5	0.5
22.2	327.0	0.5	0.5
23	329.0	0.5	0.5
23.2	331.0	0.5	0.5
24	333.0	0.5	0.5
25	337.0	0.5	0.5
26	341.0	0.5	0.5
27	345.0	0.5	0.5
7	265.0	0.5	0.5
8	269.0	0.5	0.5
9	273.0	0.5	0.5
9.2	275.0	0.5	0.5
10	277.0	0.5	0.5
Marker Name	AMEL
X	107.0	0.5	0.5
Y	113.0	0.5	0.5
Marker Name	D5S818
7	135.0	0.5	0.5
8	139.0	0.5	0.5
9	143.0	0.5	0.5
10	147.0	0.5	0.5
11	151.0	0.5	0.5
12	155.0	0.5	0.5
13	159.0	0.5	0.5
14	163.0	0.5	0.5
15	167.0	0.5	0.5
16	171.0	0.5	0.5
Marker Name	FGA
17	215.0	0.5	0.5
17.2	217.0	0.5	0.5
18	219.0	0.5	0.5
18.2	221.0	0.5	0.5
19	223.0	0.5	0.5
19.2	225.0	0.5	0.5
20	227.0	0.5	0.5
20.2	229.0	0.5	0.5
21	231.0	0.5	0.5
21.2	233.0	0.5	0.5
22	235.0	0.5	0.5
22.2	237.0	0.5	0.5
23	239.0	0.5	0.5
23.2	241.0	0.5	0.5
24	243.0	0.5	0.5
24.2	245.0	0.5	0.5
25	247.0	0.5	0.5
25.2	249.0	0.5	0.5
26	251.0	0.5	0.5
26.2	253.0	0.5	0.5
27	255.0	0.5	0.5
27.2	257.0	0.5	0.5
28	259.0	0.5	0.5
28.2	261.0	0.5	0.5
29	263.0	0.5	0.5
29.2	265.0	0.5	0.5
30	267.0	0.5	0.5
30.2	269.0	0.5	0.5
31	271.0	0.5	0.5
31.2	273.0	0.5	0.5
32	275.0	0.5	0.5
32.2	277.0	0.5	0.5
33.2	281.0	0.5	0.5
42.2	317.0	0.5	0.5
43.2	321.0	0.5	0.5
44.2	325.0	0.5	0.5
45.2	329.0	0.5	0.5
46.2	333.0	0.5	0.5
47.2	337.0	0.5	0.5
48.2	341.0	0.5	0.5
49.2	345.0	0.5	0.5
50.2	349.0	0.5	0.5
51.2	353.0	0.5	0.5
